3.350031
3.351645
3.353802
3.353091
3.348611
3.343529
3.331219
3.321260
3.312250
3.303306
3.292619
3.290700
3.284667
3.280021
3.275422
3.273071
3.272149
3.272185
3.272420
3.274221
3.274675
3.274257
3.276699
3.277845
3.278727
3.280995
3.283939
3.284737
3.285743
3.288335
3.294231
3.299859
3.310782
3.326728
3.347690
3.368566
3.392575
3.413495
3.431498
3.445890
3.455527
3.456276
3.453296
3.443808
3.430917
3.412450
3.391390
3.370805
3.347085
3.327305
3.307204
3.288773
3.273263
3.259132
3.249249
3.239810
3.236618
3.231416
3.230407
3.227786
3.227901
3.231235
3.234176
3.237804
3.240120
3.247443
3.254106
3.261080
3.271233
3.279187
3.288308
3.299315
3.306523
3.316030
3.324228
3.331515
3.337760
3.339329
3.339481
3.337589
3.332361
3.324944
3.318245
3.307245
3.301404
3.292915
3.288174
3.284638
3.281649
3.278858
3.278131
3.277613
3.277651
3.277338
3.276812
3.276031
3.275792
3.274209
3.271708
3.270875
3.271614
3.273558
3.274922
3.274894
3.277346
3.278991
3.281415
3.287953
3.295672
3.307141
3.324501
3.343999
3.366738
3.393751
3.420350
3.445643
3.467411
3.483522
3.494673
3.500021
3.497491
3.491681
3.477589
3.459886
3.439903
3.416340
3.393335
3.369425
3.346826
3.323095
3.300785
3.286230
3.269815
3.255460
3.246555
3.237459
3.230131
3.223297
3.216591
3.214237
3.214400
3.215342
3.217982
3.222930
3.230544
3.237351
3.242872
3.252289
3.260766
3.267848
3.274372
3.281060
3.286987
3.292275
3.295656
3.297370
3.299234
3.298350
3.299150
3.293850
3.290816
3.282576
3.278254
3.270108
3.263978
3.258205
3.252164
3.247947
3.246690
3.242805
3.245066
3.243535
3.243168
3.246306
3.249851
3.253627
3.256520
3.261335
3.266247
3.269705
3.273276
3.274666
3.279476
3.284961
3.289770
3.296808
3.311041
3.326351
3.345741
3.368190
3.394990
3.420071
3.444257
3.462494
3.477661
3.486995
3.489954
3.484917
3.477027
3.462020
3.443621
3.422692
3.406879
3.385337
3.365456
3.347422
3.331393
3.316628
3.307570
3.297725
3.291610
3.284758
3.279401
3.276268
3.273595
3.270014
3.268801
3.268297
3.270388
3.269614
3.271965
3.278354
3.283340
3.291439
3.299793
3.308027
3.320480
3.331344
3.342216
3.351409
3.357841
3.361064
3.364731
3.366526
3.363895
3.363495
3.359400
3.352855
3.346324
3.337922
3.328098
3.318564
3.308767
3.296932
3.288120
3.278696
3.268855
3.257962
3.249526
3.243052
3.235982
3.230570
3.228628
3.223943
3.224218
3.222236
3.220961
3.223085
3.223429
3.225395
3.228903
3.229189
3.232165
3.236728
3.241803
3.249286
3.261347
3.276187
3.295760
3.317954
3.342593
3.362697
3.389149
3.410861
3.431439
3.447707
3.456992
3.460659
3.460800
3.455941
3.448738
3.435001
3.420987
3.403438
3.384617
3.363591
3.341090
3.319568
3.300621
3.281953
3.265775
3.250555
3.238948
3.229435
3.222074
3.218563
3.214151
3.212789
3.209718
3.210241
3.214824
3.219613
3.227037
3.234439
3.246963
3.254815
3.269133
3.280964
3.294052
3.307280
3.319838
3.331222
3.341086
3.348935
3.356548
3.359833
3.361094
3.359127
3.357623
3.352790
3.344945
3.336224
3.325758
3.317040
3.308599
3.297291
3.287083
3.278398
3.271481
3.267877
3.261957
3.257641
3.255394
3.254980
3.253709
3.253311
3.255303
3.255213
3.255728
3.256790
3.256351
3.259114
3.260646
3.261303
3.263523
3.264937
3.267500
3.274825
3.282786
3.296357
3.312562
3.334234
3.356624
3.381033
3.403343
3.425361
3.442254
3.450864
3.457512
3.459160
3.453099
3.439112
3.422349
3.403367
3.378969
3.353159
3.327291
3.303756
3.278808
3.260575
3.240407
3.224268
3.210942
3.204267
3.194890
3.190120
3.188988
3.187411
3.193020
3.197390
3.206997
3.221458
3.230479
3.247372
3.264052
3.281635
3.300090
3.320905
3.339630
3.359197
3.379442
3.396985
3.409545
3.417598
3.416353
3.412018
3.402539
3.390294
3.370589
3.351645
3.329456
3.307249
3.285795
3.264571
3.244899
3.228335
3.210404
3.198280
3.192319
3.185520
3.180566
3.179130
3.179437
3.183105
3.187475
3.196276
3.202722
3.215133
3.226062
3.236560
3.246096
3.256183
3.265484
3.273092
3.279490
3.286444
3.289538
3.291565
3.295672
3.295936
3.295275
3.297326
3.296702
3.297648
3.296639
3.297661
3.299109
3.297391
3.300079
3.303244
3.309625
3.321341
3.335201
3.349896
3.372456
3.396113
3.421649
3.443577
3.465352
3.479929
3.486979
3.489618
3.484609
3.474656
3.458348
3.438557
3.415991
3.391056
3.365353
3.340746
3.316976
3.293429
3.273089
3.254686
3.238998
3.227515
3.220041
3.212514
3.208693
3.210501
3.211864
3.214492
3.218182
3.222638
3.227488
3.236754
3.241777
3.280870
3.254108
3.269499
3.278946
3.292763
3.304072
3.315170
3.325793
3.336962
3.344816
3.349629
3.354813
3.356827
3.353298
3.343492
3.336271
3.325305
3.310442
3.295988
3.280188
3.267345
3.256219
3.246664
3.238296
3.232726
3.228928
3.232167
3.235341
3.239116
3.242899
3.251580
3.256345
3.261592
3.267115
3.270442
3.271603
3.273574
3.273330
3.272082
3.269234
3.269296
3.267723
3.266148
3.266969
3.267503
3.267961
3.270052
3.271076
3.272835
3.273973
3.274724
3.277932
3.277257
3.278637
3.279568
3.281363
3.280979
3.280592
3.281429
3.280508
3.280128
3.283779
3.286758
3.293879
3.302586
3.319410
3.335706
3.356002
3.371517
3.386704
3.409172
3.436727
3.457687
3.469030
3.476286
3.479231
3.474691
3.464520
3.449932
3.432456
3.410356
3.385498
3.359436
3.331272
3.305636
3.282045
3.260398
3.242090
3.227222
3.215472
3.209693
3.204908
3.201669
3.201273
3.203669
3.203442
3.208020
3.215205
3.225478
3.234040
3.204770
3.255136
3.264139
3.276052
3.289360
3.299677
3.307522
3.316109
3.322878
3.328590
3.332107
3.336304
3.335766
3.335108
3.331143
3.328473
3.321155
3.315205
3.306983
3.300155
3.292925
3.283459
3.277246
3.266875
3.260083
3.255111
3.248202
3.243223
3.237847
3.234686
3.228317
3.223612
3.220200
3.218446
3.215490
3.215602
3.216203
3.216495
3.218441
3.222286
3.226348
3.230699
3.234093
3.238754
3.244952
3.252881
3.254429
3.259647
3.265965
3.268161
3.271242
3.272732
3.275395
3.274194
3.272022
3.270525
3.269723
3.269570
3.267285
3.262847
3.260379
3.258918
3.258531
3.260031
3.265151
3.274029
3.285493
3.302406
3.320995
3.345740
3.368167
3.394395
3.417920
3.435589
3.453803
3.463217
3.466490
3.463666
3.456419
3.444512
3.427378
3.409846
3.386326
3.364551
3.343331
3.323425
3.306346
3.289041
3.276080
3.264820
3.256395
3.251101
3.245677
3.246248
3.247613
3.250178
3.254729
3.259410
3.264397
3.271028
3.276007
3.282602
3.290552
3.296229
3.305025
3.312042
3.319822
3.327613
3.336459
3.343462
3.348788
3.353293
3.357245
3.358449
3.358360
3.361254
3.358711
3.353661
3.350667
3.343623
3.337197
3.329627
3.321454
3.313863
3.303876
3.294961
3.288726
3.318227
3.272161
3.264987
3.258550
3.252960
3.249063
3.247294
3.244712
3.241432
3.240702
3.240952
3.242683
3.246801
3.248486
3.252240
3.254343
3.257338
3.259116
3.258248
3.257358
3.258811
3.259220
3.256392
3.258706
3.259967
3.259759
3.261173
3.262396
3.266580
3.272924
3.285239
3.299429
3.314702
3.337094
3.359337
3.382194
3.402200
3.419661
3.434628
3.442086
3.447985
3.447909
3.445437
3.436856
3.429004
3.416322
3.402408
3.388352
3.369601
3.353330
3.332661
3.314748
3.296225
3.281197
3.264414
3.252510
3.241111
3.231105
3.224853
3.215392
3.213566
3.211325
3.212226
3.214144
3.219502
3.226091
3.233712
3.240739
3.245723
3.256763
3.263905
3.270927
3.278631
3.286397
3.292444
3.297898
3.303926
3.308800
3.311941
3.313443
3.318140
3.317156
3.316960
3.316517
3.313650
3.313135
3.310291
3.307383
3.306055
3.304022
3.301331
3.297154
3.296571
3.293223
3.290812
3.286278
3.283202
3.280698
3.277952
3.274953
3.273394
3.277659
3.276234
3.278412
3.279417
3.282534
3.284229
3.285092
3.286713
3.287658
3.290003
3.288488
3.290545
3.292452
3.296920
3.305401
3.319632
3.339858
3.361622
3.388550
3.415721
3.442291
3.469026
3.488936
3.504932
3.512567
3.515909
3.512335
3.505483
3.488671
3.470522
3.447562
3.420296
3.394270
3.363936
3.335385
3.306973
3.280360
3.252333
3.229948
3.207747
3.191644
3.180716
3.168809
3.163320
3.156843
3.155829
3.155571
3.156935
3.160603
3.163756
3.168771
3.174978
3.180304
3.188588
3.197689
3.206824
3.217547
3.231572
3.244877
3.259851
3.271287
3.284936
3.297117
3.310846
3.320567
3.328925
3.331845
3.333776
3.332484
3.328141
3.323603
3.314640
3.307341
3.300150
3.291811
3.282879
3.275766
3.269130
3.265022
3.262546
3.261462
3.257951
3.259806
3.258646
3.254074
3.256048
3.253876
3.249453
3.248911
3.243024
3.243502
3.241694
3.242116
3.243694
3.246013
3.250947
3.253851
3.259935
3.266731
3.276936
3.284559
3.291914
3.304058
3.318146
3.336534
3.354946
3.378849
3.405964
3.433723
3.461802
3.489774
3.513549
3.532041
3.543074
3.547486
3.545087
3.536556
3.519953
3.499009
3.515529
3.450705
3.431176
3.402286
3.375874
3.350659
3.327229
3.306507
3.290297
3.275435
3.263269
3.253063
3.243696
3.234354
3.230956
3.228782
3.226782
3.228805
3.230797
3.235251
3.240593
3.247151
3.253010
3.259109
3.268901
3.274566
3.279688
3.286771
3.291648
3.296699
3.301922
3.303997
3.306005
3.305777
3.302943
3.299977
3.289082
3.278240
3.266649
3.254584
3.241960
3.229305
3.220589
3.211753
3.204695
3.199081
3.198548
3.198147
3.200279
3.203497
3.208885
3.216014
3.222979
3.229614
3.237545
3.244176
3.251369
3.258036
3.264192
3.267680
3.273198
3.275549
3.275226
3.274805
3.277169
3.275637
3.275775
3.275073
3.273252
3.271269
3.267947
3.268679
3.263557
3.260661
3.254249
3.251923
3.247096
3.249951
3.258942
3.273817
3.295542
3.320718
3.350518
3.383010
3.415212
3.440273
3.460539
3.474260
3.485272
3.485564
3.482134
3.472767
3.460821
3.445452
3.428531
3.407467
3.384958
3.361885
3.338647
3.318860
