3.275781
3.276508
3.281349
3.282524
3.282144
3.279939
3.273917
3.270221
3.266204
3.259398
3.253289
3.249088
3.242434
3.237012
3.234012
3.229927
3.226496
3.221522
3.222167
3.223370
3.221158
3.221490
3.222474
3.224303
3.226174
3.228587
3.230456
3.232412
3.232693
3.234235
3.234531
3.234899
3.238097
3.237616
3.238225
3.238875
3.240362
3.241953
3.243750
3.244641
3.245850
3.244678
3.242787
3.245755
3.246731
3.247038
3.253739
3.262110
3.270573
3.283651
3.301945
3.315433
3.332481
3.347874
3.361823
3.374221
3.382249
3.386634
3.387662
3.383186
3.378505
3.369911
3.355738
3.341279
3.330730
3.312401
3.295334
3.277684
3.262597
3.246988
3.234095
3.222248
3.213530
3.206969
3.200747
3.195738
3.194905
3.193613
3.194371
3.196504
3.201189
3.205219
3.211220
3.219580
3.224945
3.231767
3.239326
3.246813
3.255719
3.260015
3.264823
3.269476
3.274606
3.276425
3.277015
3.277483
3.277697
3.276766
3.273572
3.268913
3.266824
3.262986
3.259169
3.255157
3.249819
3.247276
3.240876
3.237685
3.233919
3.232603
3.231151
3.229821
3.227801
3.227187
3.228404
3.227280
3.228599
3.228860
3.229475
3.229203
3.229753
3.234057
3.231948
3.233812
3.235404
3.237396
3.237973
3.239879
3.240052
3.244464
3.244827
3.244417
3.245054
3.246735
3.246559
3.247984
3.247386
3.245716
3.246496
3.248058
3.248112
3.248403
3.254503
3.261688
3.269900
3.281853
3.296768
3.312436
3.330555
3.345627
3.359217
3.369705
3.376074
3.379323
3.377976
3.377209
3.372447
3.364101
3.351967
3.338153
3.328684
3.314705
3.298715
3.284502
3.270852
3.258060
3.244186
3.233588
3.224223
3.216559
3.211407
3.206936
3.206520
3.204948
3.204959
3.206807
3.211760
3.215671
3.221828
3.226936
3.234889
3.243825
3.250969
3.256203
3.264832
3.272415
3.276769
3.280859
3.285435
3.287914
3.289500
3.289817
3.288660
3.287784
3.283816
3.278595
3.272357
3.270069
3.264121
3.260733
3.254491
3.249801
3.246413
3.241836
3.239713
3.237552
3.233480
3.231398
3.229865
3.226818
3.228516
3.230129
3.228738
3.230716
3.231951
3.232191
3.234538
3.236071
3.237279
3.239617
3.239506
3.242565
3.243131
3.244989
3.247612
3.248088
3.249797
3.248879
3.248215
3.247617
3.249483
3.248390
3.252455
3.255785
3.262090
3.266776
3.284255
3.300379
3.316432
3.330892
3.344374
3.355523
3.363739
3.369208
3.373231
3.374387
3.369559
3.365221
3.354015
3.343927
3.329541
3.315990
3.300832
3.285351
3.269014
3.254990
3.240281
3.228277
3.221313
3.213210
3.207682
3.203104
3.199285
3.198437
3.197934
3.200414
3.201119
3.205247
3.211550
3.217569
3.221548
3.226736
3.236550
3.242943
3.251653
3.258148
3.265155
3.270931
3.274178
3.276303
3.279304
3.280617
3.281673
3.278855
3.278754
3.277176
3.273492
3.268684
3.266803
3.259912
3.257735
3.251433
3.246412
3.243437
3.240452
3.237623
3.236596
3.234881
3.232302
3.231951
3.232417
3.231504
3.230802
3.233464
3.232596
3.232294
3.234471
3.236192
3.238134
3.237176
3.239581
3.241637
3.242577
3.243909
3.244315
3.247977
3.249164
3.250258
3.250171
3.251555
3.251430
3.250129
3.256107
3.260959
3.270786
3.282375
3.297057
3.313632
3.326350
3.343815
3.354768
3.366536
3.373377
3.379817
3.384268
3.384737
3.381613
3.373473
3.363498
3.352495
3.341993
3.322294
3.311039
3.295513
3.279080
3.266553
3.255739
3.243865
3.230293
3.223876
3.219213
3.213658
3.210059
3.209411
3.207817
3.210299
3.214527
3.217085
3.222258
3.228734
3.236072
3.240388
3.248902
3.254937
3.262242
3.268938
3.276281
3.280750
3.284365
3.287594
3.288767
3.289500
3.289432
3.287397
3.285129
3.281745
3.277913
3.274668
3.270975
3.265549
3.258413
3.254714
3.251663
3.246232
3.244460
3.241707
3.239513
3.236940
3.235789
3.235844
3.237884
3.237562
3.238691
3.238710
3.238694
3.240081
3.241970
3.243048
3.244734
3.244284
3.244324
3.244356
3.247052
3.247608
3.248498
3.248042
3.248584
3.249944
3.250372
3.250543
3.251127
3.250062
3.251291
3.255885
3.264963
3.273205
3.285335
3.300211
3.318382
3.333612
3.349447
3.360731
3.372468
3.378294
3.388092
3.390702
3.388051
3.382781
3.374914
3.366081
3.351581
3.338874
3.323135
3.308008
3.290152
3.274302
3.261199
3.249381
3.236430
3.226919
3.218013
3.212804
3.207097
3.204903
3.203572
3.203178
3.205513
3.207848
3.211641
3.220469
3.226557
3.234136
3.240410
3.248491
3.256368
3.262313
3.269092
3.276922
3.281314
3.282885
3.286388
3.288211
3.289629
3.286621
3.284802
3.282098
3.280707
3.277452
3.272036
3.266325
3.261029
3.256951
3.251228
3.247365
3.243087
3.240850
3.237856
3.235613
3.232918
3.232371
3.231660
3.231294
3.230354
3.232059
3.232759
3.234486
3.235578
3.237504
3.238222
3.239612
3.239364
3.241128
3.243198
3.244140
3.246036
3.247332
3.248751
3.249026
3.240450
3.244972
3.248173
3.248972
3.251966
3.251548
3.254044
3.255596
3.261736
3.268677
3.278072
3.292903
3.306074
3.321928
3.335647
3.347106
3.361972
3.370379
3.375200
3.381240
3.381735
3.379133
3.371525
3.365405
3.353160
3.338176
3.324958
3.307277
3.292655
3.275881
3.262195
3.248225
3.237741
3.227448
3.220756
3.212746
3.208308
3.205166
3.203591
3.203171
3.205868
3.207043
3.211069
3.216770
3.221999
3.228071
3.236173
3.243354
3.251514
3.258090
3.265203
3.269075
3.274096
3.278611
3.284882
3.285977
3.286552
3.287008
3.284669
3.282687
3.278963
3.276100
3.270532
3.266853
3.260198
3.256136
3.253014
3.248652
3.243227
3.280837
3.238385
3.235987
3.234725
3.231193
3.229118
3.231258
3.231489
3.232984
3.231591
3.232559
3.231180
3.233105
3.234162
3.235194
3.236804
3.238508
3.238798
3.239765
3.241781
3.242545
3.244293
3.245314
3.245619
3.246592
3.247331
3.248207
3.249177
3.249526
3.250580
3.252731
3.253441
3.254763
3.256780
3.261753
3.267485
3.278847
3.291256
3.306822
3.319560
3.334675
3.348708
3.360325
3.369534
3.375108
3.376452
3.375988
3.372411
3.365392
3.355844
3.345187
3.330463
3.316845
3.300929
3.287621
3.271614
3.257723
3.245418
3.235822
3.224932
3.218970
3.214012
3.209029
3.205833
3.206685
3.203624
3.206515
3.208681
3.211119
3.216992
3.223775
3.232928
3.240675
3.246477
3.253988
3.261947
3.264866
3.270743
3.276914
3.280251
3.283672
3.286637
3.284293
3.284420
3.283453
3.282125
3.280055
3.274569
3.272158
3.267476
3.263824
3.259043
3.254680
3.248952
3.243227
3.239490
3.236954
3.235055
3.231154
3.232792
3.231615
3.231087
3.232541
3.231399
3.231944
3.233529
3.233385
3.233326
3.236274
3.238039
3.237958
3.240840
3.241216
3.243333
3.246215
3.247003
3.247987
3.249044
3.250089
3.250657
3.251338
3.250953
3.252651
3.253348
3.253638
3.255046
3.255068
3.255094
3.257877
3.264334
3.272937
3.283785
3.296704
3.312012
3.324660
3.339524
3.348776
3.358264
3.363448
3.366986
3.366757
3.363561
3.398369
3.352231
3.342095
3.331224
3.317709
3.305094
3.290413
3.276748
3.262771
3.253758
3.240651
3.231343
3.222701
3.216375
3.210488
3.207496
3.206531
3.203959
3.205040
3.206712
3.208230
3.214327
3.217060
3.223619
3.232170
3.239709
3.249311
3.253901
3.263985
3.271647
3.275953
3.281138
3.285835
3.289700
3.288448
3.289134
3.288245
3.284272
3.281973
3.277641
3.272819
3.267916
3.262571
3.258751
3.255081
3.248943
3.245529
3.242726
3.239530
3.237087
3.234715
3.232893
3.233260
3.231987
3.231200
3.231799
3.232851
3.235689
3.235754
3.238651
3.238724
3.238891
3.243556
3.244406
3.245561
3.245305
3.245249
3.247456
3.248176
3.248365
3.249931
3.250320
3.251604
3.251558
3.253100
3.253673
3.257974
3.264515
3.270417
3.281297
3.297369
3.309800
3.324061
3.338813
3.349325
3.359538
3.365360
3.371017
3.370143
3.369306
3.364227
3.355742
3.344564
3.332795
3.319861
3.304832
3.291578
3.276373
3.264975
3.251979
3.239967
3.231332
3.223806
3.214640
3.210535
3.206258
3.202829
3.205173
3.208805
3.208906
3.212771
3.220625
3.223308
3.231219
3.237430
3.245162
3.253219
3.259659
3.263866
3.270513
3.274407
3.280070
3.285793
3.286676
3.286979
3.286338
3.284090
3.283096
3.280124
3.275349
3.270416
3.265152
3.263259
3.259195
3.254448
3.250026
3.247937
3.244151
3.240038
3.239490
3.235357
3.235619
3.234553
3.235233
3.233830
3.233406
3.233974
3.235106
3.236731
3.236224
3.238993
3.239748
3.241819
3.242330
3.243283
3.243304
3.245446
3.244635
3.245351
3.246739
3.246840
3.249479
3.250924
3.254965
3.254034
3.258956
3.261840
3.266203
3.273912
3.286879
3.297822
3.312254
3.326230
3.339641
3.355138
3.365726
3.373796
3.380260
3.382557
3.382976
3.378910
3.369981
3.361623
3.350345
3.337306
3.323646
3.310185
3.292400
3.275769
3.263727
3.250159
3.238835
3.230262
3.222191
3.215679
3.209845
3.205110
3.202415
3.203488
3.203511
3.206558
3.211067
3.216871
3.219970
3.226133
3.232646
3.239925
3.250873
3.256668
3.263323
3.270424
3.277823
3.280992
3.284781
3.288704
3.287638
3.285662
3.287602
3.284526
3.281768
3.277258
3.274796
3.267938
3.262964
3.258595
3.253252
3.249539
3.247238
3.241483
3.237076
3.234666
3.231401
3.230822
3.230350
3.230031
3.229210
3.229204
3.231822
3.233864
3.233857
3.236608
3.238140
3.242160
3.241353
3.242513
3.243926
3.245132
3.246276
3.246100
3.247670
3.248444
3.249965
3.250656
3.250034
3.250340
3.248427
3.250446
3.249907
3.251033
3.253314
3.258396
3.265511
3.274967
3.290521
3.304347
3.319941
3.338539
3.353325
3.366428
3.377012
3.384574
3.389349
3.390718
3.387654
3.382175
3.372949
3.359636
3.345882
3.329183
3.308837
3.296558
3.281348
3.266713
3.252767
3.279567
3.229937
3.222954
3.215129
3.210023
3.206240
3.203215
3.204719
3.203191
3.207357
3.212231
3.215573
3.221923
3.227932
3.233828
3.242605
3.251521
3.258850
3.265420
3.272240
3.278152
3.283244
3.287545
3.288719
3.287760
3.286890
3.286348
3.285267
3.282752
3.277275
3.273849
3.267644
3.264125
3.259655
3.253147
3.247195
3.244533
3.240347
3.235595
3.232565
3.231396
3.230331
3.229780
3.227708
3.227562
3.229701
3.230558
3.232633
3.234281
3.237461
3.236425
3.240815
3.243093
3.243684
3.242842
3.243227
3.246879
3.248814
3.247289
3.246823
3.248164
3.248324
3.248558
3.248632
3.249293
3.251537
3.253361
3.253020
3.253860
3.256782
3.261235
3.269561
3.280527
3.292787
3.310345
3.326546
3.341459
3.353122
3.364259
3.375751
3.382789
3.385488
3.388144
3.386293
3.380892
3.370284
3.357242
3.345337
3.328908
3.312024
3.295190
3.279074
3.265232
3.252096
3.241362
3.229374
3.222684
3.214769
3.211859
3.208559
3.204635
3.205609
3.206551
3.210076
3.213054
3.217430
3.224486
3.231867
3.237420
3.244859
3.251953
3.260620
3.269500
3.276445
3.279317
3.285275
3.287912
3.288586
3.287606
3.285734
3.283761
3.280954
3.277218
3.273567
3.268868
3.261783
3.258163
3.253600
3.247331
3.243178
3.238945
3.236422
3.233014
3.228847
3.230521
3.228934
3.227522
3.228296
3.232397
3.231929
3.234231
3.234734
3.234993
3.236144
3.237934
3.240533
3.241966
3.242793
3.243590
3.245126
3.245150
3.246144
3.248794
3.248885
3.249622
3.250722
3.251965
3.253304
3.254338
3.254285
3.255030
3.253765
3.256055
3.256705
3.258740
3.261435
3.268193
3.277557
3.288703
3.301135
3.316854
3.329591
3.344320
3.360558
3.370532
3.378584
3.382374
3.382799
3.381040
3.374443
3.363623
3.350711
3.335621
3.320920
3.307092
3.290396
3.273386
3.260204
3.248172
3.236260
3.225676
3.217897
3.211741
3.206156
3.205105
3.203479
3.203990
3.207118
3.209693
3.214131
3.219811
3.225998
3.232531
3.238162
3.247379
3.256345
3.263254
3.268944
3.274738
3.279587
3.284399
3.287880
3.288017
3.286819
3.284791
3.284918
3.281885
3.278862
3.276765
3.271205
3.267537
3.259659
3.255937
3.250454
3.246968
3.242922
3.239894
3.237504
3.235958
3.233547
3.232317
3.231988
3.231435
3.234033
3.236304
3.235577
3.237603
3.238975
3.237409
3.238748
3.241147
3.242259
3.243513
3.243910
3.245093
3.247179
3.247283
3.249157
3.248476
3.249776
3.249264
3.249722
3.249001
3.249035
3.249814
3.250294
3.250446
3.249765
3.253221
3.258569
3.267028
3.278713
3.293225
3.307591
3.321361
3.338739
3.351081
3.363068
3.372996
3.380442
3.383818
3.381976
3.376452
3.368934
3.358932
3.344537
3.329732
3.313496
3.295747
3.317447
3.263885
3.249516
3.277482
3.227212
3.217780
3.210789
3.207384
3.202953
3.200024
3.197858
3.198930
3.199718
3.203696
3.207860
3.211949
3.219318
3.226214
3.235180
3.244320
3.252332
3.260119
3.269197
3.276831
3.280772
3.287360
3.287200
3.290389
3.292107
3.290733
3.288973
3.283871
3.278810
3.274900
3.267562
3.262530
3.254599
3.252238
3.245981
3.241374
3.239566
3.236502
3.232771
3.233007
3.231107
3.229598
3.230185
3.228785
3.228953
3.229823
3.228209
3.230371
3.232094
3.230831
3.235267
3.237498
3.238940
3.242125
3.244548
3.245000
3.246989
3.247173
3.248668
3.250039
3.250988
3.252508
3.252134
3.249926
3.251941
3.254894
3.260178
3.267600
3.278042
3.292196
3.305779
3.282436
3.332530
3.348164
3.358546
3.371240
3.377868
3.382026
3.386439
3.384799
3.377571
3.367247
3.354695
3.341372
3.325332
3.308233
3.291971
3.275580
3.262126
3.247078
3.236796
3.224152
3.214477
3.207292
3.203437
3.198753
3.195001
3.197728
3.199542
3.201691
3.206745
3.212108
3.216731
3.224884
3.230991
3.240672
3.248254
3.256035
3.263150
3.270647
3.274084
3.280732
3.284908
3.286047
3.288891
3.287639
3.286065
3.285417
3.281567
3.277837
3.273736
3.269029
3.263336
3.259146
3.253040
3.251213
3.245230
3.244307
3.238656
3.235998
3.235915
3.233851
3.233493
3.233142
3.232288
3.233214
3.233212
3.232475
3.232722
3.234181
3.236347
3.236435
3.239050
3.239832
3.242213
3.243417
3.245233
3.245715
3.244960
3.245825
3.247691
3.248222
3.249067
3.251272
3.252598
3.251574
3.254048
3.260318
3.269763
3.281157
3.298228
3.313393
3.330703
3.345680
3.361333
3.372686
3.381768
3.389601
3.393892
3.393199
3.389104
3.380011
3.370489
3.356105
3.340320
3.324989
3.307149
3.290655
3.273223
3.258865
3.245607
3.233811
3.223546
3.216075
3.209787
3.205118
3.201893
3.201679
3.200646
3.205496
3.209116
3.215228
3.219794
3.226474
3.235208
3.240846
3.249771
3.256770
3.265254
3.271878
3.279129
3.284036
3.286945
3.288476
3.288691
3.289289
3.288149
3.284333
3.319793
3.277734
3.272832
3.269468
3.263562
3.258407
3.255338
3.253641
3.246665
3.244118
3.239646
3.236685
3.232184
3.231271
3.230727
3.228083
3.228508
3.228704
3.230193
3.231346
3.232098
3.231969
3.232041
3.229068
3.235584
3.236470
3.239469
3.239921
3.240648
3.242743
3.243187
3.245292
3.247109
3.248471
3.247084
3.248722
3.250215
3.249654
3.251051
3.254766
3.263529
3.274027
3.289584
3.304997
3.321355
3.336753
3.354898
3.368634
3.379817
3.388224
3.394331
3.394117
3.389587
3.383020
3.374982
3.363843
3.347525
3.333263
3.314686
3.298043
3.281140
3.266724
3.250039
3.236212
3.226552
3.217655
3.210016
3.205896
3.202944
3.200357
3.201824
3.203816
3.206439
3.210228
3.214558
3.219111
3.224716
3.232788
3.241196
3.247058
3.255120
3.259291
3.264748
3.270911
3.274159
3.279153
3.280991
3.283939
3.285458
3.282836
3.282442
3.278568
3.277120
3.271688
3.269138
3.260843
3.258575
3.254020
3.248689
3.244162
3.240973
3.238015
3.234104
3.230993
3.231041
3.229400
3.229223
3.228582
3.227016
3.227682
3.227439
3.228108
3.230790
3.231156
3.232397
3.233720
3.235234
3.238131
3.240171
3.241458
3.241204
3.242453
3.242712
3.244598
3.245078
3.247393
3.248509
3.253340
3.257858
3.267110
3.278873
3.290797
3.309220
3.324442
3.339205
3.351882
3.363297
3.371446
3.376717
3.379248
3.376238
3.370358
3.361383
3.352956
3.336993
3.321949
3.306595
3.290109
3.274411
3.261885
3.247583
3.236700
3.226260
3.218188
3.210564
3.208355
3.203752
3.203020
3.199999
3.200816
3.202690
3.205593
3.210572
3.214434
3.220973
3.227321
3.235025
3.244237
3.251168
3.256547
3.264749
3.269224
3.275742
3.279832
3.282274
3.281907
3.281614
3.281798
3.279847
3.277028
3.273632
3.270546
3.266334
3.262962
3.257521
3.253464
3.247742
3.244559
3.238407
3.238484
3.234725
3.233768
3.232511
3.232769
3.231837
3.230507
3.232306
3.231692
3.230635
3.233525
3.232878
3.234275
3.234764
3.236258
3.238062
3.240407
3.241794
3.244023
3.243120
3.243468
3.245347
3.247851
3.247469
3.252255
3.258949
3.267295
3.279973
3.294979
3.310396
3.325009
3.339591
3.352937
3.362613
3.368701
3.372961
3.372891
3.371654
3.366613
3.358208
3.347174
3.335486
3.320668
3.306358
3.291378
3.277224
3.262278
3.250821
3.238840
3.230081
3.222065
3.216766
3.212134
3.208625
3.206835
3.207517
3.207312
3.209531
3.213830
3.216129
3.224277
3.231118
3.241015
3.249136
3.254256
3.264688
3.272061
3.277803
3.274147
3.285831
3.288657
3.289491
3.292346
3.291656
3.286897
3.285510
3.281109
3.279182
3.273130
3.269880
3.265016
3.259537
3.255416
3.251821
3.247138
3.242749
3.240177
3.237191
3.235995
3.235801
3.234589
3.235096
3.235498
3.235566
3.237285
3.237321
3.238985
3.240491
3.241058
3.243677
3.245857
3.248843
3.254299
3.262183
3.272132
3.284172
3.299915
3.314218
3.329353
3.343062
3.353694
3.322576
3.365059
3.370369
3.370445
3.365640
3.357822
3.349895
3.338064
3.325342
3.312970
3.298391
3.283371
3.269661
3.255866
3.246042
3.235909
3.227045
3.220936
3.215204
3.211233
3.207519
3.206800
3.207676
3.208484
3.214776
3.219124
3.225416
3.231638
3.238435
3.247207
3.253476
3.261128
3.267950
3.274693
3.279068
3.283504
3.287007
3.288762
3.289688
3.288916
3.287070
3.285984
3.282824
3.279286
3.276155
3.267727
3.266609
3.262262
3.259333
3.254134
3.249960
3.247209
3.243873
3.243689
3.240921
3.238725
3.237082
3.237614
3.238670
3.238579
3.239415
3.240188
3.241992
3.242664
3.245998
3.246966
3.251952
3.260879
3.270641
3.278136
3.294691
3.310864
3.325434
3.339749
3.355095
3.367368
3.375532
3.381157
3.383233
3.382128
3.377676
3.370461
3.361468
3.346416
3.329894
3.317880
3.299981
3.283246
3.270145
3.254368
3.241746
3.232166
3.223234
3.215459
3.209913
3.206665
3.204149
3.204089
3.204556
3.207732
3.212582
3.219092
3.225570
3.233658
3.240149
3.247607
3.255020
3.263151
3.269655
3.274386
3.278789
3.281988
3.285498
3.285548
3.285277
3.285038
3.280586
3.279798
3.276674
3.273806
3.269258
3.264322
3.260989
3.254591
3.252392
3.251812
3.246685
3.244864
3.241064
3.241340
3.237971
3.236609
3.234179
3.234450
3.232188
3.234073
3.235202
3.237656
3.238462
3.238857
3.239220
3.240989
3.240360
3.242593
3.246818
3.250423
3.260980
3.275488
3.290692
3.307543
3.324386
3.339506
3.354862
3.369213
3.377079
3.384269
3.386963
3.385185
3.379631
3.370312
3.357789
3.346759
3.330012
3.316275
3.299550
3.283891
3.268911
3.255392
3.244784
3.237087
3.227562
3.220915
3.215023
3.209488
3.207797
3.211136
3.210040
3.212610
3.214297
3.219533
3.226873
3.233593
3.241980
3.248060
3.256022
3.261976
3.267863
3.271732
3.277364
3.280627
3.283935
3.283284
3.281930
3.279378
3.278912
3.275348
3.272443
3.268430
3.263883
3.259375
3.255815
3.250147
3.247121
3.244118
3.240294
3.238058
3.236121
3.233992
3.232348
3.231541
3.230383
3.230912
3.228777
3.229583
3.229669
3.229880
3.231556
3.231320
3.232206
3.233419
3.236537
3.235962
3.238936
3.237734
3.243322
3.252097
3.258623
3.269647
3.244802
3.294240
3.314486
3.330207
3.348382
3.365820
3.375934
3.385781
3.392842
3.394069
3.390708
3.385420
3.374337
3.362090
3.346818
3.330378
3.313225
3.293723
3.280971
3.264531
3.249868
3.237793
3.227514
3.217392
3.210990
3.206795
3.201839
3.201055
3.202202
3.204384
3.209120
3.211598
3.215613
3.224038
3.228736
3.237777
3.244463
3.251237
3.259963
3.266935
3.273921
3.279259
3.284231
3.288300
3.288609
3.289086
3.286426
3.286696
3.282491
3.276572
3.271218
3.266218
3.259647
3.253937
3.250712
3.244401
3.240757
3.235992
3.231662
3.227404
3.223039
3.222039
3.221910
3.222908
3.222564
3.224433
3.226838
3.228147
3.231156
3.232763
3.234227
3.235909
3.238935
3.240337
3.242767
3.243543
3.246113
3.245638
3.245702
3.247781
3.248062
3.249051
3.248909
3.251614
3.260518
3.269538
3.286204
3.301734
3.321420
3.341145
3.357318
3.371534
3.381524
3.391014
3.392474
3.394463
3.389384
3.381754
3.371292
3.357719
3.341644
3.325663
3.308140
3.290512
3.273857
3.258730
3.242396
3.228635
3.219718
3.211684
3.205807
3.200540
3.197318
3.196667
3.196698
3.199488
3.203379
3.206785
3.214808
3.222864
3.231609
3.238750
3.246936
3.256255
3.265117
3.270809
3.276517
3.279630
3.280954
3.286586
3.287810
3.285686
3.283350
3.281117
3.277255
3.274072
3.270307
3.265304
3.258315
3.253928
3.250099
3.245714
3.240448
3.237839
3.234060
3.232596
3.230240
3.230557
3.229903
3.229462
3.229217
3.228180
3.228944
3.229620
3.233114
3.232720
3.231527
3.234904
3.237545
3.238913
3.237771
3.241150
3.240828
3.243776
3.245241
3.251963
3.259668
3.270409
3.285482
3.300509
3.318367
3.336879
3.350726
3.364620
3.375299
3.378941
3.379008
3.377757
3.372136
3.364062
3.352790
3.337851
3.324551
3.309096
3.292559
3.278026
3.261198
3.247335
3.235977
3.222869
3.213116
3.207879
3.199960
3.195919
3.194124
3.192160
3.194360
3.198693
3.203197
3.209173
3.217185
3.224998
3.233729
3.241231
3.252987
3.260255
3.268696
3.275928
3.281961
3.286609
3.289998
3.289570
3.289189
3.286774
3.282158
3.279693
3.275271
3.271482
3.266870
3.260516
3.255026
3.251169
3.245724
3.241340
3.237091
3.233041
3.230328
3.226435
3.225597
3.225402
3.224850
3.223560
3.225099
3.226037
3.226535
3.228175
3.230879
3.231042
3.233074
3.236537
3.238007
3.238048
3.239439
3.244440
3.248806
3.257011
3.267398
3.281514
3.297689
3.313034
3.329694
3.343820
3.358894
3.370245
3.378185
3.379429
3.378776
3.375037
3.369037
3.359510
3.345550
3.329154
3.314739
3.299503
3.282754
3.267100
3.253896
3.238805
3.229357
3.218423
3.211045
3.206196
3.200023
3.197357
3.196730
3.195600
3.198725
3.203634
3.207381
3.216579
3.222477
3.231197
3.239165
3.248163
3.255613
3.262752
3.269531
3.274497
3.280068
3.282321
3.286291
3.286214
3.283249
3.280690
3.278320
3.273760
3.267942
3.266734
3.261042
3.258059
3.252780
3.248563
3.244452
3.240232
3.235345
3.233011
3.229244
3.227830
3.226470
3.226695
3.226886
3.229662
3.227923
3.229604
3.232981
3.233208
3.233061
3.233360
3.236050
3.239572
3.241946
3.242059
3.241589
3.244625
3.245802
3.248960
3.253467
3.260368
3.268994
3.285836
3.302805
3.320472
3.339711
3.355087
3.369291
3.381311
3.388064
3.392166
3.392207
3.387158
3.375923
3.365379
3.349587
3.333214
3.316700
3.300608
3.282881
3.265825
3.252180
3.240052
3.228580
3.218576
3.210669
3.204736
3.202009
3.199447
3.198309
3.199512
3.202592
3.208038
3.211959
3.219600
3.223966
3.233781
3.240819
3.248770
3.257180
3.264856
3.269993
3.274845
3.278387
3.242874
3.284063
3.285607
3.285277
3.283660
3.281655
3.277929
3.273120
3.267442
3.263738
3.256267
3.254462
3.248051
3.242553
3.237811
3.235160
3.232124
3.229256
3.227481
3.224678
3.224016
3.223877
3.225819
3.226882
3.226711
3.228723
3.227514
3.231626
3.233515
3.235338
3.237989
3.239049
3.240824
3.241983
3.244002
3.244589
3.246255
3.247020
3.248439
3.256063
3.263408
3.274547
3.288303
3.304787
3.323920
3.342671
3.358568
3.372670
3.382667
3.387419
3.390884
3.390282
3.384744
3.373490
3.362642
3.347861
3.330686
3.313211
3.297136
3.280638
3.262776
3.249579
3.236312
3.225391
3.215505
3.206951
3.202938
3.199677
3.197075
3.196776
3.200080
3.201039
3.206857
3.210822
3.218012
3.225288
3.231978
3.241505
3.249222
3.257180
3.264072
3.268798
3.274563
3.276470
3.281160
3.280415
3.283213
3.281484
3.279524
3.277330
3.273673
3.269702
3.264299
3.259623
3.251693
3.249515
3.243348
3.240818
3.237213
3.234446
3.231066
3.228846
3.226166
3.226076
3.226446
3.224726
3.225359
3.226466
3.226915
3.226719
3.228451
3.225565
3.231510
3.233456
3.237369
3.237291
3.239035
3.240938
3.240879
3.241638
3.243520
3.244248
3.244994
3.247579
3.247928
3.252947
3.262365
3.271592
3.286091
3.302586
3.318627
3.337939
3.352795
3.367619
3.378886
3.385843
3.387796
3.385343
3.381789
3.372445
3.359906
3.344841
3.329383
3.313667
3.295012
3.278881
3.261683
3.246552
3.235151
3.223590
3.213500
3.205428
3.199188
3.196727
3.193067
3.192161
3.195252
3.200682
3.205749
3.213132
3.216807
3.225450
3.231124
3.240191
3.246870
3.254444
3.263261
3.270108
3.276518
3.278704
3.284411
3.283965
3.286348
3.287124
3.284544
3.281306
3.277914
3.272607
3.266352
3.260143
3.255494
3.249931
3.244321
3.239178
3.233947
3.229472
3.226929
3.225156
3.222584
3.222202
3.222107
3.223381
3.224560
3.224380
3.226221
3.227314
3.229130
3.231961
3.232940
3.232916
3.234447
3.236031
3.237576
3.237567
3.238649
3.240199
3.240976
3.241578
3.243307
3.245619
3.250180
3.257944
3.268798
3.281516
3.295677
3.314528
3.329599
3.346918
3.358707
3.371398
3.378168
3.379761
3.380943
3.376949
3.366216
3.355851
3.342566
3.326880
3.312021
3.296089
3.317343
3.266991
3.252587
3.237632
3.228220
3.214715
3.207861
3.200908
3.193614
3.191600
3.192318
3.193034
3.195184
3.200314
3.204590
3.213050
3.220604
3.227700
3.238337
3.243933
3.253444
3.261316
3.268875
3.276639
3.280977
3.284541
3.287518
3.288219
3.288635
3.285948
3.282721
3.279045
3.273194
3.269019
3.262636
3.257895
3.252395
3.247262
3.243365
3.239743
3.236921
3.232427
3.231705
3.229413
3.228656
3.227591
3.228071
3.228286
3.229580
3.229592
3.231247
3.232935
3.233518
3.235534
3.238256
3.238196
3.239222
3.239434
3.241818
3.246802
3.250685
3.255967
3.263097
3.276170
3.290390
3.304428
3.318270
3.335401
3.347098
3.320344
3.367262
3.372636
3.372914
3.370449
3.364845
3.356916
3.344632
3.330490
3.316887
3.302881
3.286320
3.272489
3.256716
3.247268
3.234899
3.225784
3.216654
3.208678
3.204157
3.196592
3.195531
3.195397
3.199149
3.201314
3.205425
3.210472
3.217397
3.224312
3.233130
3.242162
3.250285
3.257476
3.265558
3.271675
3.275155
3.277800
3.282032
3.283810
3.282859
3.282934
3.279233
3.275081
3.273511
3.268410
3.264259
3.257813
3.252403
3.246918
3.242656
3.240335
3.237451
3.237375
3.234955
3.231445
3.232409
3.228984
3.229097
3.230110
3.229788
3.231359
3.233323
3.235568
3.237622
3.238052
3.239074
3.238331
3.239639
3.242320
3.241874
3.242888
3.244065
3.248712
3.254564
3.264037
3.277933
3.291542
3.307041
3.323053
3.338805
3.350523
3.361633
3.369404
3.374491
3.376111
3.373530
3.367672
3.358100
3.344536
3.331309
3.316928
3.301163
3.285897
3.271943
3.255335
3.243277
3.231183
3.219126
3.209744
3.203469
3.198964
3.197009
3.195376
3.192920
3.193747
3.199013
3.202251
3.208253
3.215025
3.220010
3.228390
3.235939
3.247051
3.255161
3.261505
3.271246
3.274652
3.279836
3.283628
3.284951
3.285301
3.284640
3.280824
3.278829
3.275662
3.273293
3.271408
3.266083
3.263131
3.257319
3.253566
3.250705
3.246161
3.243235
3.239487
3.239289
3.235325
3.233973
3.233347
3.231256
3.229498
3.230015
3.230642
3.228580
3.230565
3.230161
3.229532
3.231196
3.232969
3.233602
3.234678
3.235486
3.235719
3.237035
3.241747
3.246275
3.253416
3.262284
3.275835
3.292320
3.308883
3.329291
3.343009
3.360745
3.372266
3.382538
3.388269
3.390931
3.386449
3.381240
3.373978
3.359585
3.345399
3.328251
3.313491
3.295641
3.317693
3.264963
3.251035
3.238148
3.226239
3.218113
3.210195
3.203380
3.200606
3.198867
3.197345
3.200471
3.201318
3.205412
3.210540
3.219747
3.224493
3.233438
3.240222
3.248052
3.256783
3.263112
3.269923
3.274061
3.278968
3.283190
3.286103
3.284739
3.283453
3.283489
3.279404
3.276799
3.270736
3.267050
3.262906
3.256691
3.251903
3.245961
3.241829
3.239015
3.236571
3.232518
3.230368
3.228835
3.228564
3.226104
3.227175
3.228104
3.229230
3.228937
3.231940
3.233979
3.235627
3.238668
3.240218
3.239533
3.242053
3.242606
3.243232
3.243065
3.243325
3.242373
3.246093
3.247772
3.253203
3.263172
3.277690
3.291679
3.308426
3.325663
3.342162
3.358037
3.371734
3.380688
3.387338
3.389312
3.385377
3.378241
3.370021
3.395923
3.342060
3.327119
3.310504
3.295560
3.318022
3.267112
3.252886
3.240859
3.230096
3.220810
3.213761
3.207481
3.204243
3.201391
3.201013
3.202101
3.206364
3.212069
3.217501
3.224293
3.232748
3.239400
3.248520
3.256425
3.264114
3.270133
3.274616
3.280480
3.284998
3.286432
3.287762
3.286437
3.284486
3.282868
3.281824
3.279139
3.274007
3.269385
3.262676
3.257554
3.251607
3.247856
3.244788
3.240899
3.236407
3.235791
3.233018
3.230264
3.230145
3.229862
3.229515
3.231621
3.230414
3.232220
3.233040
3.234849
3.235853
3.237496
3.236782
3.239707
3.241045
3.244558
3.245058
3.245539
3.246019
3.248286
3.248494
3.252793
3.256684
3.266272
3.278125
3.289094
3.305943
3.322346
3.338687
3.351475
3.362207
3.372758
3.379853
3.380637
3.377659
3.373881
3.364121
3.351747
3.338004
3.322907
3.306094
3.291060
3.275203
3.260416
3.245986
3.231993
3.224261
3.215678
3.206583
3.204027
3.198289
3.195922
3.196628
3.196835
3.200403
3.206605
3.212443
3.217586
3.225816
3.232799
3.242226
3.249706
3.255918
3.263806
3.270827
3.275149
3.278885
3.281596
3.283648
3.283475
3.280195
3.279094
3.275257
3.271547
3.267891
3.264034
3.257302
3.254693
3.251415
3.248584
3.245158
3.241178
3.238807
3.235000
3.232694
3.232152
3.229086
3.228432
3.227320
3.227981
3.228438
3.230606
3.231587
3.232717
3.232544
3.235925
3.234976
3.237793
3.236937
3.237254
3.240680
3.239044
3.242540
3.245999
3.250005
3.256254
3.267434
3.279756
3.294375
3.311721
3.325226
3.337784
3.352867
3.363354
3.369811
3.370392
3.371442
3.365534
3.358516
3.349453
3.337590
3.322345
3.308280
3.292265
3.273581
3.259860
3.243207
3.232903
3.222414
3.212743
3.205125
3.200218
3.195520
3.194042
3.195581
3.194176
3.196457
3.200843
3.206664
3.214139
3.221022
3.230435
3.237443
3.247324
3.254523
3.262618
3.270546
3.274784
3.279221
3.282605
3.282355
3.282667
3.282012
3.279912
3.277291
3.271127
3.266463
3.260917
3.257054
3.253517
3.248890
3.244249
3.238087
3.235898
3.234919
3.228012
3.227333
3.226067
3.223420
3.223960
3.225525
3.227536
3.227544
3.228152
3.230521
3.232881
3.234126
3.235773
3.237596
3.237538
3.238871
3.241952
3.243952
3.246107
3.247936
3.245826
3.244106
3.246087
3.246416
3.249591
3.250540
3.258314
3.267211
3.280970
3.296397
3.312693
3.328477
3.346413
3.361142
3.372652
3.382329
3.386209
3.387863
3.385175
3.379561
3.369388
3.355242
3.340732
3.324227
3.307298
3.290818
3.272185
3.255329
3.241278
3.229310
3.217723
3.211303
3.202791
3.198550
3.196083
3.194440
3.194536
3.195752
3.200465
3.205778
3.211720
3.218779
3.227942
3.237150
3.206450
3.253269
3.262397
3.267950
3.272962
3.279164
3.283019
3.285966
3.286905
3.286333
3.283570
3.282472
3.280399
3.278913
3.272661
3.266978
3.263122
3.255412
3.249554
3.245320
3.239730
3.235504
3.229778
3.228842
3.227640
3.225391
3.224168
3.224292
3.223827
3.221025
3.222715
3.224244
3.226581
3.229030
3.219943
3.231637
3.231182
3.234951
3.236745
3.238398
3.241263
3.242765
3.243938
3.246087
3.245907
3.246510
3.245609
3.247289
3.248486
3.247400
3.250703
3.252178
3.256898
3.263780
3.276163
3.292690
3.309166
3.327731
3.341696
3.359646
3.369829
3.379085
3.386894
3.388668
3.388411
3.381024
3.370463
3.359055
3.343858
3.328001
3.313464
3.296680
3.316263
3.264404
3.249481
3.237640
3.228749
3.217456
3.210053
3.204171
3.200439
3.195935
3.196227
3.195142
3.201846
3.205638
3.209939
3.217810
3.225758
3.233180
3.240256
3.248656
3.256494
3.263171
3.267959
3.273340
3.277628
3.279349
3.283216
3.285199
3.282509
3.280983
3.279127
3.275625
3.269770
3.264521
3.258611
3.254430
3.248004
3.241297
3.239734
3.233937
3.233460
3.230622
3.227724
3.227345
3.225631
3.225581
3.226542
3.226698
3.226917
3.228540
3.229119
3.231542
3.233850
3.235591
3.237555
3.240148
3.242196
3.242145
3.242681
3.243663
3.246205
3.244291
3.248859
3.247227
3.245884
3.247500
3.247015
3.248300
3.249399
3.248772
3.251642
3.256302
3.261072
3.270926
3.285200
3.299482
3.317155
3.333505
3.349510
3.365182
3.376590
3.388033
3.391416
3.392717
3.390245
3.383075
3.372941
3.358158
3.344991
3.326253
3.308330
3.291419
3.275437
3.261090
3.247610
3.234839
3.224914
3.215784
3.209724
3.205011
3.202144
3.198097
3.198268
3.199660
3.202070
3.207653
3.214465
3.221216
3.230644
3.237327
3.244527
3.251812
3.259136
3.266494
3.272139
3.276582
3.280296
3.282484
3.283936
3.284714
3.281870
3.279510
3.276524
3.273330
3.269412
3.263414
3.258619
3.253048
3.246171
3.242974
3.239338
3.235881
3.230543
3.230510
3.226598
3.223683
3.223431
3.222211
3.221021
3.221699
3.222304
3.223786
3.227094
3.227616
3.230312
3.230970
3.232817
3.232483
3.234136
3.235830
3.236912
3.238537
3.237663
3.236773
3.242070
3.242769
3.246067
3.247309
3.248564
3.252080
3.251200
3.252407
3.254099
3.253500
3.252296
3.256020
3.258050
3.262728
3.272115
3.282544
3.297833
3.313944
3.332331
3.348709
3.361576
3.374852
3.385098
3.390327
3.391123
3.391502
3.384276
3.374815
3.360822
3.345630
3.326850
3.309780
3.293456
3.273290
3.257673
3.243449
3.232792
3.220517
3.213697
3.206574
3.201900
3.198042
3.195920
3.197217
3.197462
3.200996
3.203361
3.209646
3.219028
3.226089
3.232710
3.241574
3.251134
3.259017
3.268015
3.274097
3.242349
3.285178
3.288625
3.287866
3.288649
3.285641
3.283406
3.280706
3.277333
3.271875
3.268406
3.262138
3.257543
3.251207
3.246827
3.242705
3.238118
3.234408
3.229424
3.228618
3.227370
3.228123
3.226999
3.226743
3.227956
3.228063
3.228080
3.228463
3.230004
3.230976
3.230482
3.233946
3.235833
3.236407
3.237698
3.239356
3.241156
3.241924
3.240966
3.242638
3.243018
3.243656
3.245408
3.246274
3.248778
3.254449
3.261751
3.271186
3.284421
3.299411
3.313668
3.329962
3.348155
3.361642
3.371159
3.380357
3.383852
3.382720
3.380578
3.370898
3.360862
3.349452
3.335810
3.356862
3.300330
3.285540
3.270988
3.255341
3.280835
3.230898
3.224082
3.217522
3.212428
3.205856
3.201894
3.198725
3.199689
3.199041
3.202324
3.205738
3.212313
3.216646
3.222072
3.232012
3.238628
3.247178
3.257338
3.266411
3.272650
3.278942
3.282928
3.286122
3.287856
3.286812
3.285926
3.286159
3.281592
3.276072
3.271166
3.266440
3.261466
3.254771
3.248647
3.245213
3.239922
3.236424
3.232209
3.230046
3.228642
3.227393
3.226276
3.225737
3.226324
3.226084
3.227306
3.226710
3.229716
3.229486
3.229955
3.233334
3.231841
3.234408
3.234185
3.235907
3.234117
3.237461
3.240212
3.242538
3.250010
3.256369
3.270233
3.284501
3.302505
3.319409
3.337127
3.351015
3.366971
3.375392
3.382641
3.387137
3.382169
3.378976
3.371704
3.362062
3.349253
3.335120
3.323126
3.302497
3.290792
3.276788
3.262345
3.248980
3.236543
3.226287
3.219369
3.213509
3.206963
3.202957
3.202168
3.203522
3.203633
3.207847
3.213774
3.221105
3.228388
3.235085
3.242785
3.251885
3.259485
3.265273
3.271966
3.276772
3.283139
3.285588
3.288134
3.290542
3.292029
3.290933
3.289234
3.284919
3.279704
3.275378
3.267939
3.262874
3.257299
3.253177
3.248138
3.243845
3.240152
3.237056
3.234544
3.230868
3.230765
3.228775
3.228838
3.230769
3.231692
3.232555
3.234210
3.234945
3.234967
3.235529
3.237189
3.239199
3.240854
3.243562
3.245928
3.246262
3.246479
3.247511
3.250298
3.251248
3.253654
3.259859
3.267130
3.276322
3.290424
3.309771
3.323481
3.342010
3.359377
3.371772
3.384069
3.390973
3.394199
3.392075
3.388334
3.379941
3.367404
3.351415
3.334732
3.320821
3.301792
3.284888
3.269588
3.258164
3.244636
3.232529
3.224953
3.216953
3.213174
3.207927
3.204362
3.201901
3.203583
3.204773
3.207238
3.214037
3.219427
3.225661
3.233358
3.240688
3.246212
3.255523
3.263222
3.269565
3.276087
3.280206
3.283698
3.282292
3.284036
3.283823
3.282233
3.278020
3.273997
3.270256
3.263713
3.256749
3.251042
3.246157
3.243423
3.239804
3.235699
3.232683
3.228979
3.227550
3.228366
3.225885
3.224976
3.225973
3.227364
3.225937
3.226810
3.228232
3.230651
3.230225
3.234640
3.236192
3.237436
3.237394
3.242219
3.242303
3.241622
3.243468
3.246478
3.249455
3.247908
3.248528
3.249924
3.248369
3.252603
3.256498
3.263307
3.273883
3.285363
3.302496
3.317526
3.338513
3.354147
3.368576
3.380522
3.388822
3.394329
3.393455
3.386473
3.379709
3.370528
3.356980
3.340288
3.324816
3.307134
3.289696
3.274629
3.260398
3.246779
3.235637
3.225984
3.220107
3.214355
3.209619
3.208710
3.206565
3.207051
3.209597
3.212887
3.217436
3.221923
3.228406
3.234033
3.243056
3.247924
3.256807
3.263380
3.269514
3.275485
3.280568
3.283245
3.285425
3.285606
3.284796
3.281922
3.280260
3.277210
3.272714
3.265913
3.261887
3.259420
3.254443
3.249371
3.245073
3.240093
3.236598
3.234368
3.233213
3.230203
3.228395
3.227144
3.226555
3.225501
3.225348
3.228941
3.226424
3.227580
3.229591
3.230527
3.232049
3.235240
3.236926
3.240038
3.243001
3.242578
3.245296
3.246360
3.247309
3.248321
3.247129
3.249567
3.249514
3.250080
3.249899
3.251565
3.250022
3.249420
3.250394
3.248794
3.250927
3.253185
3.261632
3.272643
3.285879
3.301096
3.320549
3.339946
3.355604
3.369907
3.379850
3.386468
3.387810
3.388132
3.384771
3.376162
3.364168
3.350459
3.335198
3.317937
3.300510
3.282860
3.268457
3.253003
3.278196
3.228229
3.218631
3.211908
3.205791
3.202977
3.201443
3.198296
3.198013
3.200798
3.204404
3.207367
3.213247
3.219845
3.227405
3.234888
3.242785
3.251042
3.259206
3.264434
3.269664
3.273291
3.275836
3.278062
3.279079
3.276220
3.275741
3.274323
3.271255
3.267824
3.264678
3.257451
3.253449
3.249264
3.242553
3.239386
3.235479
3.233280
3.228644
3.226204
3.225892
3.225863
3.225393
3.224036
3.223792
3.224077
3.224430
3.227345
3.227418
3.230116
3.233512
3.234045
3.234991
3.236805
3.236730
3.238312
3.239977
3.241039
3.242335
3.243231
3.244011
3.246995
3.246720
3.247581
3.250091
3.248895
3.250524
3.251196
3.253206
3.252798
3.251561
3.252080
3.251595
3.251725
3.254800
3.252228
3.258504
3.262445
3.272450
3.285578
3.301644
3.318696
3.336032
3.351570
3.365381
3.375497
3.375632
3.383872
3.381380
3.378721
3.369719
3.358823
3.348279
3.334483
3.320294
3.302747
3.287294
3.272693
3.258887
3.245295
3.234563
3.225951
3.218347
3.212921
3.208036
3.205145
3.201761
3.202324
3.204586
3.209325
3.213804
3.219594
3.227045
3.234469
3.241061
3.248934
3.256612
3.263210
3.269722
3.276306
3.280012
3.283772
3.286668
3.288232
3.287037
3.285737
3.283491
3.280601
3.278473
3.275537
3.269504
3.264611
3.257881
3.253865
3.249255
3.243063
3.238745
3.234962
3.230528
3.230604
3.229134
3.228395
3.228988
3.229660
3.228445
3.231411
3.233662
3.234666
3.237746
3.241186
3.242873
3.245052
3.243913
3.246631
3.246872
3.247208
3.247949
3.249233
3.249025
3.251026
3.250953
3.252067
3.252073
3.249138
3.250924
3.250083
3.247987
3.249585
3.251693
3.254241
3.258091
3.267565
3.277015
3.290719
3.305769
3.321681
3.338590
3.351135
3.364600
3.373002
3.376270
3.377154
