3.474746
3.477793
3.484735
3.492777
3.493610
3.496991
3.493427
3.495765
3.491782
3.491091
3.484371
3.487390
3.483185
3.479466
3.474962
3.470548
3.469099
3.465026
3.462438
3.462354
3.459294
3.459862
3.461538
3.460216
3.463102
3.460561
3.462283
3.459240
3.464217
3.464334
3.465254
3.465890
3.467845
3.467840
3.468969
3.470171
3.471202
3.471608
3.466900
3.467905
3.467558
3.468329
3.466688
3.466918
3.465383
3.463883
3.462913
3.463138
3.462676
3.465496
3.464223
3.466912
3.467117
3.467718
3.465671
3.467327
3.466074
3.466630
3.463232
3.463020
3.463043
3.462367
3.462315
3.462621
3.464377
3.463455
3.465747
3.464638
3.466752
3.466472
3.468518
3.467263
3.469808
3.467879
3.468768
3.471334
3.471944
3.471092
3.473640
3.472431
3.471595
3.473782
3.472750
3.473535
3.473592
3.475246
3.476693
3.475540
3.476252
3.474999
3.471772
3.470659
3.469570
3.468484
3.467119
3.465739
3.465942
3.465689
3.465203
3.466392
3.464488
3.465012
3.462533
3.462921
3.461524
3.462319
3.462888
3.464182
3.463805
3.464783
3.467008
3.467232
3.469246
3.469117
3.472799
3.471966
3.474451
3.472603
3.472931
3.472400
3.470670
3.467987
3.468714
3.466071
3.464971
3.460853
3.459936
3.457425
3.456282
3.456565
3.457939
3.458615
3.462397
3.461526
3.462598
3.468008
3.465620
3.466671
3.467156
3.469974
3.466639
3.468489
3.468148
3.471244
3.468427
3.468404
3.467026
3.466162
3.466004
3.468040
3.466247
3.467704
3.466172
3.465771
3.466483
3.466461
3.465684
3.462648
3.464804
3.462747
3.466020
3.465203
3.466370
3.468053
3.473226
3.470437
3.474759
3.476080
3.475650
3.477771
3.478308
3.475960
3.476157
3.476701
3.479089
3.479872
3.477135
3.476292
3.472772
3.471467
3.470360
3.469230
3.468550
3.469081
3.466126
3.469864
3.468514
3.467787
3.468395
3.469075
3.468220
3.468394
3.467186
3.468418
3.469283
3.468876
3.468807
3.466458
3.464559
3.463591
3.465245
3.463905
3.465822
3.463418
3.465812
3.469821
3.469863
3.468613
3.470672
3.469646
3.469552
3.469079
3.469760
3.467110
3.469141
3.468311
3.469795
3.468841
3.468520
3.469983
3.468477
3.469242
3.467020
3.467669
3.465713
3.466262
3.462077
3.462763
3.460284
3.460516
3.459706
3.462060
3.458294
3.461764
3.462769
3.464694
3.465639
3.464067
3.465195
3.462719
3.463501
3.463772
3.464236
3.462352
3.467090
3.466110
3.466961
3.464102
3.466196
3.463814
3.466016
3.465078
3.464819
3.463188
3.463325
3.463591
3.464662
3.464800
3.465544
3.467315
3.467921
3.469270
3.468537
3.472254
3.473369
3.474890
3.475766
3.478333
3.477779
3.480485
3.478773
3.481244
3.479932
3.480075
3.477843
3.478312
3.474894
3.469171
3.470030
3.467723
3.464434
3.460067
3.458522
3.456232
3.457554
3.456662
3.457301
3.456667
3.457922
3.459123
3.461858
3.461077
3.463279
3.461450
3.465074
3.466049
3.466040
3.467986
3.470376
3.467837
3.467178
3.467554
3.469304
3.469157
3.468939
3.466820
3.465725
3.467009
3.465333
3.465941
3.466895
3.467098
3.466105
3.465676
3.464319
3.466770
3.464250
3.464409
3.465670
3.465553
3.466230
3.465296
3.466092
3.466681
3.465565
3.465214
3.465856
3.463586
3.462912
3.461967
3.461363
3.459698
3.460014
3.458240
3.459242
3.456465
3.458750
3.457538
3.460322
3.461870
3.463367
3.463262
3.462630
3.462349
3.460126
3.460724
3.460990
3.460030
3.460997
3.460682
3.459763
3.462760
3.462947
3.467777
3.467591
3.470775
3.470654
3.470599
3.468487
3.471711
3.468059
3.473254
3.470079
3.471432
3.471455
3.471663
3.470475
3.472659
3.475777
3.473118
3.473310
3.473621
3.473966
3.472799
3.472140
3.471186
3.470161
3.466857
3.467126
3.465363
3.465771
3.463359
3.465254
3.463777
3.465764
3.467447
3.469403
3.469715
3.469545
3.470530
3.470248
3.471812
3.471993
3.469207
3.468501
3.469435
3.467338
3.466604
3.465020
3.466816
3.463813
3.466009
3.464119
3.465066
3.461513
3.464163
3.462898
3.464166
3.463188
3.464147
3.466182
3.464381
3.465879
3.463303
3.464632
3.463315
3.465233
3.465643
3.468033
3.466208
3.468036
3.468056
3.466613
3.465098
3.465231
3.462893
3.460879
3.455478
3.456018
3.453657
3.454610
3.453961
3.455581
3.456796
3.458609
3.460280
3.460278
3.461612
3.459457
3.462738
3.459734
3.461020
3.461138
3.464269
3.464466
3.463256
3.462934
3.464204
3.464693
3.462674
3.463028
3.462655
3.463708
3.465079
3.464990
3.462995
3.465314
3.465712
3.465209
3.465156
3.468084
3.465613
3.467730
3.465681
3.468804
3.466531
3.467854
3.465789
3.465636
3.463508
3.463143
3.462776
3.462565
3.450077
3.458094
3.464730
3.465028
3.466166
3.466871
3.470710
3.469721
3.472263
3.470170
3.470951
3.469314
3.469744
3.466961
3.468485
3.462454
3.465910
3.464069
3.464910
3.464160
3.463761
3.464483
3.465338
3.463566
3.462753
3.463660
3.461926
3.461606
3.463782
3.462615
3.458572
3.458573
3.458736
3.461942
3.459772
3.462969
3.460773
3.462695
3.459763
3.463237
3.460296
3.460672
3.460969
3.461354
3.460845
3.460396
3.460383
3.462059
3.462468
3.461727
3.463050
3.462899
3.463394
3.464912
3.464143
3.462748
3.464486
3.463163
3.464115
3.462800
3.465103
3.465168
3.465068
3.463352
3.465725
3.464147
3.464309
3.463321
3.462642
3.461464
3.461917
3.462036
3.461556
3.461667
3.459249
3.461725
3.456161
3.457560
3.459936
3.462611
3.459701
3.465289
3.465598
3.468986
3.469757
3.474039
3.474684
3.477272
3.474746
3.475320
3.474181
3.472138
3.467995
3.465326
3.466242
3.464418
3.466376
3.465037
3.465079
3.464500
3.467606
3.468764
3.469055
3.466902
3.471630
3.469200
3.471495
3.467275
3.466400
3.462946
3.460024
3.460455
3.461412
3.458172
3.461045
3.462372
3.462669
3.463825
3.464128
3.463888
3.463897
3.460762
3.463515
3.464060
3.462075
3.465007
3.463428
3.465064
3.463445
3.464690
3.463237
3.466131
3.465629
3.466037
3.463942
3.464432
3.462556
3.461318
3.459471
3.458091
3.460369
3.460495
3.451215
3.456241
3.460073
3.466968
3.466535
3.466862
3.467213
3.464447
3.464826
3.461103
3.459951
3.459723
3.460734
3.458433
3.461169
3.461002
3.463116
3.461909
3.463494
3.462276
3.461346
3.462638
3.462069
3.462768
3.461321
3.463394
3.462075
3.463539
3.461575
3.462942
3.460695
3.462986
3.460968
3.463609
3.461459
3.463188
3.464960
3.470020
3.467041
3.469389
3.468224
3.471048
3.471405
3.475532
3.476497
3.479076
3.480805
3.480367
3.481802
3.478968
3.480143
3.477472
3.475646
3.470544
3.468110
3.465197
3.464029
3.461484
3.461382
3.460414
3.462676
3.462590
3.463369
3.461168
3.463039
3.459845
3.463111
3.463893
3.464734
3.464333
3.464862
3.465141
3.463954
3.464317
3.463217
3.463877
3.462055
3.464090
3.462087
3.463822
3.462699
3.466859
3.465009
3.466254
3.463625
3.465820
3.466914
3.465588
3.463775
3.463717
3.462521
3.461309
3.461229
3.457390
3.457131
3.455171
3.456418
3.453088
3.456343
3.453886
3.457961
3.459988
3.460715
3.459081
3.461230
3.461025
3.463491
3.461519
3.466506
3.464503
3.465772
3.466559
3.468182
3.467492
3.468362
3.467197
3.465635
3.466047
3.462548
3.462648
3.460451
3.460801
3.459170
3.460656
3.458863
3.462653
3.461250
3.463647
3.463352
3.465951
3.466397
3.469737
3.468776
3.471955
3.471859
3.474121
3.471373
3.472785
3.472237
3.473664
3.475454
3.475981
3.515309
3.475880
3.476276
3.473149
3.473626
3.471460
3.472277
3.466875
3.469985
3.468290
3.465944
3.464919
3.464479
3.463251
3.461973
3.462253
3.462856
3.464237
3.466757
3.469012
3.471196
3.474337
3.471883
3.474280
3.472897
3.474343
3.471222
3.472097
3.467764
3.470080
3.467343
3.467833
3.462718
3.461868
3.459554
3.460750
3.457769
3.458053
3.457851
3.458397
3.458729
3.462056
3.461191
3.463670
3.461129
3.460364
3.459975
3.458896
3.459626
3.459877
3.461464
3.460628
3.461906
3.460685
3.461126
3.460215
3.461225
3.463211
3.465046
3.465642
3.470222
3.470726
3.472489
3.472528
3.470447
3.468115
3.466791
3.463685
3.460862
3.460077
3.456443
3.455281
3.453744
3.453995
3.452641
3.453046
3.450305
3.453157
3.452003
3.454614
3.454035
3.457125
3.456990
3.462967
3.461009
3.464222
3.465982
3.468602
3.469509
3.472199
3.472602
3.473777
3.473337
3.474536
3.473045
3.469871
3.468864
3.463505
3.467280
3.465698
3.467811
3.466206
3.466500
3.462428
3.467054
3.462888
3.462751
3.460560
3.452353
3.453191
3.456597
3.455260
3.459764
3.464777
3.463812
3.462192
3.459801
3.459125
3.457854
3.458271
3.457604
3.459351
3.458518
3.460100
3.460748
3.464258
3.460525
3.463419
3.462172
3.461279
3.459991
3.460632
3.462552
3.461668
3.462336
3.462028
3.461842
3.459687
3.460924
3.459353
3.458664
3.459336
3.459268
3.460613
3.462395
3.459986
3.462386
3.460036
3.460045
3.457206
3.458022
3.456011
3.458885
3.455834
3.458004
3.455530
3.458100
3.457759
3.458516
3.457374
3.458360
3.456398
3.457482
3.456816
3.455080
3.454048
3.453299
3.453931
3.455109
3.457343
3.456244
3.461706
3.460553
3.465075
3.465106
3.465133
3.464497
3.467205
3.467634
3.468199
3.468167
3.468861
3.465866
3.465687
3.463643
3.464873
3.463049
3.461006
3.460880
3.461596
3.462093
3.463397
3.462316
3.463216
3.465423
3.466239
3.464903
3.462031
3.464474
3.462277
3.462574
3.457957
3.458206
3.456958
3.456187
3.457606
3.458393
3.456105
3.455142
3.456673
3.456222
3.456969
3.456927
3.457414
3.458793
3.457523
3.458139
3.459678
3.458437
3.460669
3.458016
3.460833
3.457408
3.460550
3.458354
3.460074
3.459803
3.461482
3.463525
3.461872
3.462874
3.462827
3.464114
3.464573
3.465118
3.463064
3.463794
3.463071
3.464804
3.461545
3.461973
3.460687
3.462086
3.458969
3.462946
3.462137
3.460804
3.459065
3.460569
3.459294
3.461289
3.456244
3.458025
3.456220
3.457355
3.456856
3.456633
3.457335
3.459318
3.462586
3.464653
3.468424
3.470855
3.474555
3.475108
3.476980
3.437661
