3.219349
3.223310
3.228419
3.233847
3.239958
3.242471
3.244845
3.243115
3.243356
3.241935
3.241536
3.243247
3.245017
3.249865
3.261325
3.276365
3.290845
3.311320
3.331801
3.350333
3.367154
3.379575
3.389317
3.394363
3.396616
3.394383
3.387769
3.375069
3.363874
3.346949
3.329928
3.309835
3.291095
3.272902
3.256242
3.237555
3.222610
3.209550
3.198244
3.188333
3.182068
3.176964
3.176634
3.172083
3.173718
3.175699
3.181955
3.188268
3.196011
3.205497
3.215797
3.223012
3.234790
3.246180
3.256922
3.264380
3.274329
3.278849
3.285385
3.288609
3.289366
3.288686
3.289360
3.286035
3.284156
3.280651
3.270920
3.266462
3.260582
3.254854
3.246870
3.241743
3.236701
3.233925
3.230890
3.223344
3.222622
3.219771
3.218033
3.216107
3.214521
3.218062
3.217439
3.218722
3.220039
3.217495
3.220547
3.222146
3.225260
3.225490
3.226993
3.225930
3.229086
3.230564
3.235842
3.245467
3.260443
3.277916
3.295844
3.319353
3.343106
3.362941
3.380336
3.394612
3.405739
3.411228
3.412261
3.407901
3.400157
3.387863
3.370804
3.353179
3.333174
3.311060
3.289625
3.269599
3.250784
3.233512
3.218181
3.205066
3.194349
3.186319
3.180260
3.177058
3.174039
3.174339
3.176281
3.177219
3.184092
3.187998
3.197841
3.207543
3.213793
3.224538
3.235981
3.247340
3.260553
3.267311
3.275715
3.281149
3.286170
3.290682
3.292517
3.292745
3.288752
3.286471
3.284631
3.278320
3.271008
3.266536
3.259536
3.253296
3.247250
3.241490
3.236653
3.232254
3.229798
3.225165
3.219038
3.220120
3.218191
3.219931
3.219151
3.218481
3.218623
3.220364
3.220496
3.222049
3.223026
3.224819
3.226313
3.228647
3.230291
3.231290
3.232141
3.232475
3.236745
3.239535
3.248834
3.260317
3.278163
3.295474
3.317431
3.341636
3.363108
3.383034
3.397620
3.408720
3.417858
3.419458
3.416253
3.409133
3.396856
3.382056
3.361690
3.343736
3.328699
3.306449
3.285219
3.265850
3.245709
3.230406
3.214884
3.204607
3.194393
3.187271
3.183935
3.178691
3.179328
3.179227
3.182288
3.186141
3.193194
3.199749
3.208144
3.219204
3.229031
3.240415
3.249326
3.258810
3.266879
3.275210
3.282419
3.287400
3.289243
3.291694
3.290653
3.289821
3.287545
3.285174
3.319622
3.274197
3.270709
3.265547
3.258335
3.252707
3.246033
3.240011
3.235949
3.230889
3.225620
3.222275
3.221544
3.219880
3.218547
3.219028
3.218387
3.220439
3.220159
3.220073
3.222297
3.224690
3.225710
3.227055
3.231159
3.231873
3.234662
3.236963
3.238650
3.237334
3.240493
3.240621
3.241719
3.245204
3.246582
3.256879
3.266317
3.279438
3.298085
3.316603
3.338972
3.361738
3.379341
3.398254
3.412178
3.419956
3.424498
3.422593
3.415597
3.405087
3.391869
3.372699
3.353601
3.332046
3.310709
3.289681
3.269175
3.250645
3.234482
3.218791
3.209179
3.199407
3.192312
3.188752
3.182559
3.182151
3.183377
3.185853
3.188482
3.195219
3.201759
3.208266
3.217073
3.225236
3.236792
3.246224
3.256609
3.267953
3.275245
3.279403
3.286837
3.291780
3.292392
3.297459
3.294836
3.292194
3.288821
3.281997
3.277299
3.272365
3.265290
3.258614
3.252944
3.246165
3.239949
3.235943
3.228561
3.225822
3.219632
3.219214
3.217371
3.214268
3.217050
3.215942
3.215776
3.217829
3.218440
3.222614
3.223948
3.224597
3.229815
3.231292
3.233012
3.236757
3.241160
3.240699
3.242087
3.243515
3.244737
3.243482
3.241336
3.242101
3.242609
3.244551
3.247034
3.256195
3.266485
3.286350
3.303264
3.326736
3.348611
3.372911
3.390958
3.405516
3.418305
3.425177
3.427109
3.425559
3.418721
3.405352
3.388814
3.370885
3.348017
3.330340
3.305701
3.291359
3.270384
3.252575
3.236764
3.221668
3.209934
3.199338
3.190589
3.184469
3.182304
3.184222
3.183173
3.187517
3.192354
3.196111
3.202064
3.209681
3.223907
3.236665
3.246737
3.257596
3.268956
3.278286
3.286125
3.296406
3.298187
3.302015
3.299927
3.302065
3.299425
3.294343
3.291009
3.287762
3.279535
3.274362
3.267215
3.259222
3.251464
3.245516
3.238786
3.233216
3.227705
3.223779
3.220136
3.216539
3.215317
3.214857
3.214912
3.213428
3.215116
3.217441
3.217752
3.220417
3.224238
3.224472
3.226700
3.227807
3.229865
3.231885
3.232955
3.234280
3.235086
3.237462
3.241430
3.242032
3.243339
3.243146
3.244538
3.245790
3.243392
3.245967
3.245713
3.244236
3.243305
3.250174
3.256458
3.263608
3.280329
3.301236
3.324871
3.347018
3.368354
3.384957
3.400316
3.411522
3.419185
3.419571
3.416722
3.408243
3.393562
3.376269
3.358758
3.338229
3.312426
3.295599
3.274791
3.254822
3.237740
3.221095
3.206154
3.196686
3.188394
3.182583
3.179324
3.178550
3.177870
3.178249
3.181804
3.186380
3.192792
3.201325
3.210825
3.218685
3.230742
3.240931
3.250518
3.261782
3.272479
3.279793
3.286489
3.292852
3.297841
3.301788
3.300797
3.299677
3.297131
3.291340
3.286153
3.279371
3.272883
3.265523
3.256552
3.250229
3.241811
3.237499
3.231239
3.224695
3.221261
3.215533
3.214351
3.213399
3.211166
3.210879
3.209721
3.213163
3.211540
3.215231
3.216659
3.220163
3.220365
3.223321
3.224840
3.225619
3.227566
3.230209
3.233180
3.236558
3.237802
3.238677
3.239679
3.241513
3.242067
3.243349
3.244002
3.243953
3.249467
3.257440
3.270960
3.287632
3.308406
3.328509
3.351579
3.367699
3.384750
3.400918
3.409300
3.414911
3.414495
3.410537
3.401431
3.389057
3.373256
3.352360
3.333828
3.311245
3.290233
3.268993
3.248234
3.232287
3.215514
3.202212
3.190335
3.182179
3.174970
3.170304
3.167302
3.168116
3.170952
3.173419
3.178134
3.185342
3.195146
3.205507
3.215148
3.225534
3.238578
3.249779
3.259239
3.271441
3.279967
3.285937
3.294233
3.297186
3.298999
3.296630
3.295233
3.293405
3.287545
3.282220
3.277631
3.269684
3.261233
3.254792
3.247422
3.240605
3.232220
3.227008
3.223222
3.219299
3.214370
3.211866
3.213583
3.211617
3.211243
3.212376
3.216434
3.217539
3.220048
3.222919
3.225219
3.226257
3.229555
3.232798
3.233884
3.235476
3.237029
3.240842
3.243641
3.252474
3.265455
3.282161
3.300928
3.321654
3.344384
3.362463
3.381004
3.394757
3.401701
3.408318
3.407946
3.400865
3.393510
3.378630
3.364825
3.345883
3.324442
3.305139
3.283003
3.263340
3.243513
3.229576
3.216868
3.201740
3.193375
3.184337
3.176491
3.171027
3.168814
3.168739
3.168744
3.172911
3.177906
3.185134
3.196183
3.204320
3.215928
3.226382
3.238329
3.248680
3.259207
3.268049
3.275461
3.281857
3.287567
3.291194
3.290118
3.292743
3.289333
3.287874
3.283925
3.279267
3.274048
3.266094
3.258795
3.252263
3.247033
3.240910
3.235067
3.231314
3.224795
3.222794
3.218449
3.215307
3.213420
3.213351
3.205200
3.212105
3.217775
3.218533
3.219070
3.220976
3.220789
3.225882
3.228205
3.230843
3.229236
3.230752
3.232178
3.231821
3.232795
3.238410
3.244887
3.252778
3.269940
3.286818
3.306834
3.330816
3.352832
3.373539
3.391752
3.404324
3.411465
3.414820
3.412565
3.409071
3.401235
3.386918
3.370305
3.350837
3.330328
3.306988
3.285261
3.264587
3.246174
3.226821
3.212966
3.202148
3.190070
3.184625
3.177984
3.175260
3.174357
3.174301
3.175307
3.180038
3.186543
3.193261
3.203621
3.214587
3.224900
3.233248
3.246163
3.255223
3.264574
3.274662
3.278928
3.286465
3.290204
3.292734
3.293984
3.295209
3.291994
3.287676
3.283620
3.277110
3.270538
3.262957
3.256191
3.251242
3.244483
3.236249
3.230815
3.226013
3.222239
3.218918
3.216374
3.214085
3.214706
3.212444
3.212976
3.212768
3.215027
3.216703
3.219288
3.221039
3.221828
3.224422
3.226229
3.230406
3.230667
3.230650
3.235304
3.235562
3.237348
3.238392
3.240940
3.244318
3.252787
3.259324
3.274101
3.291923
3.312723
3.335208
3.355428
3.375301
3.393554
3.408015
3.416658
3.418429
3.417741
3.411567
3.400770
3.384565
3.367491
3.349182
3.328174
3.306780
3.285506
3.265890
3.248267
3.230468
3.218726
3.203488
3.194536
3.188594
3.182719
3.178152
3.175465
3.177640
3.179622
3.184354
3.190639
3.197168
3.204586
3.212980
3.223986
3.235002
3.247024
3.256369
3.267163
3.274450
3.281065
3.286521
3.289801
3.295426
3.296119
3.294713
3.291212
3.286975
3.283101
3.274273
3.267981
3.261347
3.251866
3.246474
3.240074
3.234904
3.231647
3.227075
3.221360
3.219188
3.215228
3.212444
3.211157
3.211107
3.210684
3.211382
3.213381
3.216541
3.219906
3.221012
3.224472
3.227986
3.229897
3.232752
3.234597
3.235985
3.237837
3.239019
3.240935
3.240387
3.243234
3.244166
3.249208
3.257059
3.267199
3.282071
3.301456
3.323188
3.346831
3.367193
3.386219
3.403291
3.414982
3.422673
3.425553
3.423175
3.414204
3.402060
3.386808
3.368697
3.348161
3.326170
3.303327
3.278826
3.262351
3.242044
3.225341
3.212828
3.203848
3.195430
3.187128
3.183601
3.180592
3.179478
3.181547
3.185104
3.188244
3.196177
3.201980
3.210054
3.218249
3.229076
3.236816
3.247211
3.257593
3.267423
3.277861
3.284772
3.290998
3.292318
3.295876
3.294182
3.293131
3.291377
3.286702
3.280343
3.274832
3.269815
3.263151
3.256972
3.250858
3.244719
3.237782
3.234336
3.229551
3.225136
3.221242
3.218518
3.215117
3.213171
3.212333
3.213656
3.213449
3.214100
3.215797
3.218456
3.219822
3.222968
3.224484
3.228175
3.231650
3.233995
3.235512
3.236934
3.237648
3.237755
3.239592
3.239754
3.240985
3.242349
3.243475
3.247109
3.247006
3.267209
3.281481
3.300789
3.284662
3.338610
3.361806
3.384487
3.397870
3.412931
3.422454
3.424899
3.424179
3.417830
3.406726
3.394378
3.376109
3.356361
3.333624
3.311431
3.290505
3.271561
3.250983
3.233831
3.216312
3.205318
3.194369
3.188080
3.184168
3.180977
3.178556
3.181540
3.182472
3.188662
3.195063
3.200946
3.210635
3.219551
3.228957
3.234908
3.243698
3.255642
3.264628
3.272677
3.279392
3.283376
3.287892
3.291290
3.291287
3.291117
3.288868
3.285659
3.280289
3.275007
3.267116
3.262487
3.255720
3.249947
3.243084
3.236263
3.232015
3.226302
3.222073
3.219436
3.217323
3.213658
3.214322
3.212499
3.213904
3.215188
3.215369
3.218405
3.219489
3.219281
3.221076
3.224208
3.225571
3.227756
3.230033
3.231506
3.233964
3.235609
3.236735
3.238106
3.240636
3.240291
3.240964
3.243270
3.243815
3.246423
3.251663
3.260517
3.274360
3.291235
3.314599
3.335683
3.356997
3.377961
3.394886
3.407876
3.415390
3.419141
3.417761
3.409486
3.398315
3.384870
3.367570
3.347756
3.331309
3.309678
3.287603
3.268161
3.249094
3.231906
3.215900
3.203906
3.191809
3.185400
3.179421
3.176617
3.175394
3.174353
3.176206
3.181014
3.186062
3.194049
3.203834
3.215214
3.226081
3.238383
3.248030
3.259419
3.266642
3.276074
3.282369
3.289300
3.293872
3.294184
3.294933
3.293918
3.290612
3.286811
3.282378
3.275608
3.269722
3.261755
3.253473
3.247925
3.240264
3.235919
3.229124
3.222785
3.219254
3.217555
3.214624
3.213362
3.214844
3.213376
3.213728
3.218328
3.217321
3.218471
3.219139
3.221921
3.223387
3.224805
3.228577
3.228359
3.231142
3.232018
3.237239
3.237318
3.240664
3.239841
3.244241
3.243652
3.243964
3.244553
3.245773
3.251073
3.255974
3.268473
3.283872
3.302168
3.325188
3.345967
3.366132
3.383363
3.398613
3.407746
3.409791
3.408348
3.406265
3.394912
3.382500
3.364909
3.346213
3.324477
3.301998
3.281610
3.262002
3.242617
3.223026
3.205929
3.198672
3.192296
3.179474
3.179003
3.176937
3.173715
3.172304
3.173730
3.181690
3.185817
3.192873
3.203195
3.212582
3.224231
3.236291
3.245524
3.255371
3.265834
3.274449
3.281584
3.288061
3.293988
3.297056
3.295002
3.294831
3.292563
3.287204
3.282898
3.276095
3.268353
3.259799
3.254032
3.245256
3.239018
3.231891
3.227863
3.224783
3.220091
3.216188
3.212855
3.212060
3.210870
3.210673
3.210702
3.213968
3.215750
3.218585
3.219257
3.221290
3.224579
3.225719
3.228609
3.231173
3.232647
3.234010
3.234039
3.236083
3.236435
3.239756
3.239969
3.247853
3.257040
3.272930
3.290619
3.310735
3.333252
3.352184
3.371845
3.387492
3.399024
3.406007
3.406666
3.404572
3.395867
3.386293
3.372546
3.354248
3.335033
3.315555
3.295749
3.273880
3.254050
3.236479
3.221435
3.210411
3.198949
3.187294
3.179333
3.176861
3.172079
3.172231
3.171367
3.176093
3.179297
3.184687
3.193476
3.204851
3.212431
3.223721
3.238449
3.248192
3.258651
3.271472
3.279515
3.283477
3.289138
3.292916
3.294044
3.294265
3.294579
3.290938
3.285315
3.279602
3.274071
3.265836
3.256703
3.251456
3.244738
3.235285
3.231327
3.227566
3.223099
3.219492
3.217070
3.213994
3.214339
3.214533
3.214629
3.213967
3.215250
3.217588
3.217494
3.219203
3.219926
3.221276
3.222784
3.226786
3.228978
3.227972
3.231874
3.231117
3.233831
3.236058
3.237779
3.238848
3.241954
3.245095
3.251551
3.261540
3.274661
3.294312
3.313986
3.336598
3.359040
3.382585
3.398738
3.412525
3.419816
3.422923
3.422077
3.417269
3.407710
3.394084
3.376393
3.355609
3.330360
3.307489
3.286769
3.265856
3.246968
3.230127
3.212834
3.200024
3.189328
3.182943
3.178798
3.176350
3.174182
3.176075
3.179751
3.183336
3.188071
3.193629
3.207162
3.216571
3.226644
3.238432
3.248111
3.256810
3.267010
3.275539
3.285561
3.291017
3.295539
3.296863
3.296852
3.297084
3.292181
3.288271
3.285112
3.281442
3.271588
3.266136
3.257512
3.251731
3.242305
3.239246
3.234553
3.228317
3.225938
3.218600
3.219129
3.216175
3.215496
3.213525
3.212359
3.215465
3.215950
3.217554
3.219099
3.221984
3.223811
3.227014
3.228978
3.232295
3.233960
3.233920
3.237756
3.240170
3.241616
3.241074
3.243335
3.245237
3.245656
3.247664
3.253013
3.259085
3.271150
3.290571
3.308432
3.329916
3.355321
3.377127
3.397696
3.411479
3.422953
3.427732
3.426655
3.421987
3.413377
3.401365
3.383873
3.366344
3.344258
3.323592
3.300006
3.277699
3.256923
3.238206
3.221696
3.211935
3.240675
3.192026
3.185014
3.181311
3.181078
3.178596
3.179276
3.182295
3.187774
3.195532
3.164819
3.212384
3.222431
3.234855
3.246604
3.253607
3.260200
3.269844
3.278680
3.285050
3.292490
3.296363
3.298711
3.297636
3.296752
3.292325
3.289863
3.283400
3.276709
3.269437
3.263438
3.254576
3.248378
3.241518
3.235299
3.229973
3.225659
3.221541
3.218119
3.215803
3.215298
3.216285
3.214685
3.213211
3.213482
3.214808
3.217413
3.218819
3.219796
3.222408
3.224615
3.226802
3.229304
3.230926
3.232752
3.233403
3.236387
3.239910
3.240400
3.242134
3.242061
3.241626
3.243334
3.250595
3.261299
3.273560
3.292926
3.314773
3.338592
3.361546
3.382040
3.401069
3.412300
3.422147
3.425852
3.425544
3.416629
3.405086
3.389246
3.371973
3.351665
3.329521
3.308109
3.286588
3.266374
3.247453
3.229255
3.214024
3.240564
3.192402
3.186015
3.179901
3.176992
3.173720
3.175418
3.177067
3.182258
3.188160
3.191934
3.201816
3.212722
3.224067
3.233614
3.246367
3.255300
3.265989
3.274572
3.282741
3.289727
3.294340
3.297295
3.297640
3.298017
3.295501
3.291186
3.284728
3.278523
3.273058
3.265078
3.258354
3.252080
3.242946
3.237739
3.230964
3.225797
3.222149
3.218450
3.217303
3.214598
3.212932
3.212457
3.212744
3.214033
3.215508
3.216175
3.217635
3.221540
3.221643
3.225025
3.226195
3.228727
3.231973
3.234192
3.235564
3.238252
3.236445
3.239547
3.240242
3.242050
3.243890
3.251227
3.259373
3.274937
3.292529
3.314689
3.337176
3.358997
3.378358
3.397527
3.409471
3.416140
3.418813
3.417107
3.407578
3.397084
3.383137
3.365327
3.345380
3.322196
3.301276
3.278994
3.261084
3.242125
3.224050
3.211204
3.199168
3.187367
3.183185
3.176785
3.173950
3.172425
3.173898
3.176652
3.180907
3.186521
3.195485
3.203928
3.214938
3.228270
3.240390
3.249752
3.260281
3.273097
3.280099
3.286704
3.295098
3.298675
3.299911
3.301938
3.299604
3.295986
3.292463
3.286083
3.282082
3.273012
3.264203
3.257292
3.250347
3.241183
3.235613
3.228099
3.223079
3.219028
3.216595
3.212442
3.212312
3.213366
3.212913
3.216589
3.219919
3.218012
3.220935
3.224401
3.226250
3.228597
3.227738
3.228973
3.230684
3.234522
3.241083
3.254686
3.268438
3.286949
3.310074
3.331952
3.351168
3.370862
3.386677
3.398213
3.404481
3.404836
3.402287
3.393910
3.382171
3.367027
3.347839
3.330350
3.310364
3.289129
3.271252
3.251483
3.234668
3.220916
3.205501
3.196620
3.187190
3.178552
3.175876
3.174140
3.172852
3.174612
3.179303
3.185249
3.192531
3.199334
3.206767
3.220261
3.231590
3.244235
3.256523
3.265224
3.275307
3.281948
3.286037
3.291640
3.295902
3.294885
3.292462
3.290435
3.286858
3.281061
3.275519
3.269707
3.262275
3.254567
3.247661
3.243475
3.237604
3.231959
3.227805
3.224222
3.221043
3.218375
3.214716
3.213687
3.215667
3.215292
3.216402
3.216581
3.218091
3.220374
3.223684
3.224811
3.225960
3.227550
3.229314
3.229509
3.231605
3.235560
3.241437
3.252195
3.267687
3.288136
3.311159
3.334429
3.351234
3.372797
3.390776
3.401876
3.412872
3.414715
3.414696
3.406307
3.397523
3.382568
3.364833
3.346664
3.326091
3.303758
3.284077
3.264831
3.245013
3.229522
3.215850
3.204509
3.195759
3.187058
3.182513
3.181511
3.179293
3.179527
3.182241
3.187009
3.193750
3.200124
3.212378
3.223458
3.231945
3.242807
3.254109
3.263953
3.272782
3.277597
3.285141
3.289692
3.292858
3.291296
3.292019
3.288588
3.286852
3.279863
3.274577
3.269261
3.262241
3.255066
3.248257
3.242267
3.233864
3.232704
3.225742
3.223469
3.220253
3.219009
3.216927
3.215661
3.217435
3.217963
3.219303
3.218356
3.219731
3.221922
3.222397
3.223429
3.226797
3.228234
3.231220
3.233602
3.232874
3.234355
3.236647
3.238253
3.237603
3.237092
3.241367
3.247187
3.257147
3.273639
3.292162
3.313882
3.337239
3.354315
3.374011
3.392603
3.405471
3.414084
3.420726
3.417666
3.409462
3.401818
3.386470
3.369994
3.351285
3.330256
3.308747
3.287623
3.266549
3.247909
3.228637
3.211804
3.208574
3.197971
3.190627
3.184391
3.180350
3.178563
3.178831
3.182231
3.186965
3.190294
3.197899
3.207546
3.215485
3.227528
3.237586
3.249312
3.257120
3.267394
3.276394
3.283051
3.289009
3.291805
3.293778
3.293145
3.291313
3.288648
3.282844
3.275162
3.270393
3.263576
3.258518
3.252531
3.243918
3.239513
3.232412
3.227550
3.221299
3.217023
3.214382
3.212570
3.214195
3.212777
3.213886
3.213004
3.215487
3.216998
3.219838
3.219780
3.220658
3.223431
3.227685
3.227703
3.229267
3.231274
3.233046
3.234543
3.234240
3.237853
3.238704
3.238246
3.241337
3.244048
3.247521
3.256324
3.268962
3.284834
3.305560
3.328294
3.349751
3.372036
3.392405
3.406308
3.415617
3.418950
3.419919
3.414914
3.404372
3.391300
3.374312
3.396763
3.335981
3.354898
3.293334
3.276791
3.258452
3.239654
3.225549
3.212454
3.202452
3.191711
3.186053
3.183238
3.180998
3.180198
3.181979
3.184491
3.189054
3.192401
3.202817
3.211608
3.220801
3.231712
3.242591
3.250881
3.260996
3.270377
3.279668
3.284343
3.288602
3.291563
3.291670
3.291399
3.289227
3.284679
3.279196
3.272819
3.266687
3.257159
3.251959
3.245970
3.240150
3.235587
3.230260
3.225036
3.221005
3.218305
3.216757
3.214619
3.213340
3.212292
3.212964
3.212745
3.213681
3.214440
3.214656
3.216709
3.218797
3.221547
3.225664
3.226239
3.228037
3.229683
3.233057
3.235273
3.237192
3.238173
3.238560
3.240846
3.240962
3.242973
3.244277
3.243443
3.244996
3.247444
3.251308
3.260601
3.275444
3.295188
3.317900
3.338911
3.322735
3.375183
3.393253
3.404473
3.411242
3.416169
3.414271
3.405568
3.395491
3.381885
3.363704
3.344220
3.325289
3.303502
3.283781
3.263365
3.241835
3.227791
3.212570
3.200561
3.194006
3.184787
3.180262
3.177989
3.175958
3.177639
3.181176
3.183861
3.191191
3.198569
3.206171
3.218725
3.227229
3.236772
3.248660
3.259498
