3.235861
3.233951
3.237837
3.241163
3.244350
3.250964
3.259107
3.272780
3.285438
3.302459
3.320166
3.339214
3.354147
3.366681
3.377555
3.383901
3.385730
3.383865
3.376588
3.365677
3.348914
3.332485
3.314194
3.293319
3.274703
3.260060
3.243909
3.229070
3.216222
3.204239
3.197235
3.190199
3.186182
3.180887
3.177188
3.177672
3.177822
3.179968
3.182189
3.185677
3.189487
3.196656
3.204330
3.214560
3.225688
3.235297
3.247291
3.256006
3.265962
3.273474
3.281008
3.286226
3.289404
3.290739
3.289856
3.287303
3.282434
3.275872
3.268947
3.263621
3.256010
3.248546
3.238607
3.228568
3.220376
3.216070
3.210821
3.203578
3.200699
3.198261
3.196735
3.196002
3.197199
3.200289
3.202173
3.204924
3.205355
3.208177
3.211382
3.215591
3.218784
3.220361
3.222189
3.224177
3.226161
3.226000
3.229789
3.231476
3.232581
3.234752
3.234927
3.239177
3.240344
3.239628
3.241675
3.241997
3.241606
3.241854
3.241097
3.240115
3.240050
3.243342
3.244496
3.251688
3.257325
3.268255
3.279770
3.294604
3.311726
3.326855
3.339634
3.353292
3.361585
3.369711
3.373890
3.371396
3.367853
3.361258
3.347936
3.335513
3.319592
3.300597
3.284832
3.267014
3.250581
3.234886
3.222205
3.215344
3.205666
3.199856
3.192338
3.190297
3.189800
3.190489
3.191218
3.192999
3.197480
3.201428
3.208606
3.214419
3.222387
3.229208
3.237608
3.245910
3.254033
3.260485
3.269033
3.275255
3.280743
3.285525
3.288560
3.288874
3.288449
3.285045
3.281634
3.275699
3.271245
3.263452
3.255072
3.247785
3.241449
3.236704
3.232806
3.229131
3.225068
3.214870
3.223915
3.225812
3.227651
3.223268
3.224516
3.223896
3.224607
3.223971
3.222593
3.222054
3.225876
3.227585
3.226822
3.229883
3.231782
3.232811
3.233523
3.235945
3.238315
3.240238
3.242389
3.242895
3.242820
3.242768
3.242914
3.242284
3.239946
3.240261
3.239507
3.239109
3.241800
3.252364
3.259373
3.265413
3.277906
3.290855
3.301028
3.316470
3.327785
3.338285
3.345448
3.350649
3.348371
3.344827
3.339128
3.331436
3.318916
3.307852
3.293100
3.276867
3.262106
3.247018
3.234014
3.219803
3.208161
3.199397
3.190504
3.186111
3.182065
3.180287
3.183392
3.185183
3.189046
3.195330
3.203122
3.210466
3.216653
3.223761
3.232429
3.241994
3.248631
3.258476
3.266865
3.273809
3.278826
3.283545
3.289263
3.290576
3.290515
3.289725
3.287562
3.281628
3.277263
3.270795
3.260630
3.252466
3.245191
3.235866
3.225884
3.220247
3.213286
3.208114
3.203819
3.200031
3.198123
3.195500
3.194738
3.191775
3.192226
3.193345
3.194665
3.197202
3.198750
3.201182
3.204960
3.206458
3.212082
3.215573
3.221354
3.223517
3.229055
3.234468
3.235364
3.238569
3.241442
3.244024
3.246628
3.252789
3.262907
3.274320
3.290316
3.310226
3.327151
3.347713
3.365812
3.382963
3.393282
3.401969
3.404460
3.400674
3.395066
3.382442
3.367743
3.350027
3.334100
3.312723
3.293009
3.272747
3.253898
3.236529
3.219918
3.208093
3.196288
3.189422
3.181321
3.176042
3.171839
3.170440
3.169860
3.172492
3.175562
3.180048
3.187573
3.194606
3.205579
3.216673
3.226123
3.237442
3.248257
3.255880
3.268544
3.273614
3.280988
3.286969
3.288622
3.288442
3.288080
3.288936
3.286221
3.281424
3.276915
3.269035
3.263517
3.255878
3.247884
3.243045
3.237095
3.233773
3.229714
3.227367
3.223663
3.220750
3.218899
3.216046
3.214918
3.215557
3.214289
3.214123
3.214299
3.216909
3.217940
3.221594
3.225804
3.229485
3.233990
3.237991
3.242332
3.244712
3.249830
3.251143
3.253056
3.254907
3.257330
3.257203
3.258273
3.261184
3.265778
3.270150
3.279440
3.291964
3.305960
3.324010
3.341948
3.360433
3.377932
3.392277
3.406492
3.416039
3.421029
3.419041
3.414290
3.403989
3.389923
3.373965
3.354356
3.334336
3.316839
3.298772
3.284022
3.267432
3.255351
3.246699
3.238126
3.229477
3.224233
3.220989
3.222008
3.223063
3.223929
3.226959
3.230676
3.234912
3.243143
3.248360
3.257653
3.262957
3.270185
3.279106
3.284288
3.291649
3.295038
3.298382
3.303650
3.304147
3.305457
3.304338
3.305834
3.303983
3.300758
3.297196
3.294980
3.289910
3.286434
3.282292
3.277772
3.268462
3.266256
3.261950
3.256525
3.250097
3.247694
3.243422
3.239764
3.237682
3.234473
3.235090
3.233142
3.232538
3.234868
3.234086
3.235302
3.236933
3.238827
3.240407
3.241722
3.245297
3.248894
3.249625
3.251365
3.255157
3.259048
3.259827
3.262753
3.265008
3.266982
3.266926
3.268351
3.267674
3.268819
3.269138
3.269253
3.268753
3.272762
3.277551
3.286045
3.297363
3.312115
3.329013
3.345735
3.364544
3.381097
3.396550
3.408020
3.416626
3.419123
3.419088
3.413770
3.403446
3.388606
3.373032
3.354499
3.333397
3.313899
3.291940
3.273940
3.256284
3.278538
3.226713
3.218217
3.210940
3.206436
3.204164
3.198509
3.201830
3.202764
3.205957
3.210014
3.213578
3.218561
3.225904
3.232018
3.241598
3.246918
3.253002
3.260281
3.267560
3.273312
3.278714
3.282748
3.286194
3.288824
3.288343
3.286356
3.283866
3.284398
3.278950
3.273853
3.266111
3.261350
3.253599
3.247598
3.239482
3.232471
3.227858
3.222498
3.218438
3.213068
3.210231
3.207003
3.205417
3.202953
3.202511
3.202876
3.202688
3.204621
3.206663
3.209282
3.212786
3.214240
3.218461
3.221599
3.227185
3.231790
3.236418
3.240640
3.246148
3.250447
3.253481
3.257757
3.260858
3.264724
3.267126
3.268280
3.269295
3.273326
3.273274
3.275238
3.276993
3.275999
3.277762
3.275907
3.273554
3.271403
3.268190
3.265850
3.268056
3.271298
3.277895
3.291137
3.305603
3.323967
3.347051
3.365455
3.386516
3.403071
3.416325
3.423406
3.424964
3.421330
3.413407
3.397485
3.378440
3.354688
3.331336
3.306308
3.282638
3.260985
3.242407
3.226123
3.209335
3.202686
3.192245
3.187215
3.185478
3.183627
3.184747
3.186766
3.190020
3.194124
3.198629
3.204556
3.211964
3.217785
3.224646
3.234146
3.241611
3.249424
3.257457
3.264600
3.272293
3.278771
3.286240
3.289842
3.296116
3.297169
3.295463
3.293698
3.288089
3.282669
3.276019
3.268124
3.260041
3.253124
3.244521
3.237688
3.232300
3.226524
3.222338
3.218016
3.214741
3.215461
3.214564
3.215113
3.216597
3.216915
3.220477
3.225483
3.229631
3.232278
3.237449
3.239917
3.244466
3.248997
3.250760
3.255382
3.256760
3.262300
3.261234
3.263682
3.264552
3.265477
3.265560
3.266470
3.266206
3.266936
3.269874
3.267045
3.267569
3.267264
3.266600
3.265407
3.263724
3.259255
3.255976
3.252833
3.246128
3.245384
3.242191
3.243285
3.248246
3.253221
3.263679
3.276318
3.293312
3.311104
3.331416
3.347070
3.363069
3.376403
3.385413
3.393034
3.395171
3.391918
3.382935
3.372181
3.358855
3.342147
3.325729
3.305813
3.287639
3.271031
3.256463
3.280397
3.230058
3.218421
3.211167
3.204498
3.200443
3.198747
3.197285
3.199239
3.200832
3.204965
3.210637
3.217327
3.224849
3.231548
3.241019
3.251566
3.258695
3.268521
3.277049
3.283040
3.287130
3.289749
3.292502
3.290750
3.289442
3.285773
3.280932
3.274898
3.271150
3.264254
3.257362
3.251207
3.247273
3.242385
3.236350
3.232717
3.232118
3.229576
3.229096
3.228144
3.228313
3.227359
3.227018
3.226990
3.229029
3.227519
3.232111
3.231843
3.234798
3.236456
3.237971
3.240629
3.242653
3.244452
3.245553
3.245308
3.248890
3.248958
3.249117
3.250029
3.250472
3.253243
3.252952
3.254488
3.254414
3.255510
3.253727
3.253239
3.253565
3.252876
3.252188
3.252210
3.253308
3.253513
3.258661
3.269131
3.281460
3.296292
3.312638
3.329511
3.344829
3.321698
3.371376
3.379532
3.386522
3.385045
3.382760
3.374419
3.364967
3.353186
3.335847
3.318443
3.300749
3.281058
3.259288
3.240342
3.224448
3.209922
3.196983
3.185680
3.179086
3.172956
3.169200
3.168417
3.171179
3.172560
3.178668
3.182586
3.188738
3.194780
3.203484
3.211021
3.220899
3.228287
3.239692
3.247357
3.254962
3.261012
3.266135
3.269906
3.273390
3.273133
3.270944
3.270423
3.265275
3.260627
3.253957
3.245143
3.238120
3.230325
3.223528
3.217639
3.217516
3.214575
3.215853
3.217038
3.220875
3.225657
3.231489
3.234698
3.236975
3.240096
3.241623
3.241918
3.240105
3.242059
3.238993
3.238680
3.239751
3.237893
3.239460
3.245043
3.245773
3.247843
3.249257
3.249343
3.248595
3.244607
3.247042
3.243194
3.240678
3.236502
3.233216
3.229834
3.228531
3.228109
3.227829
3.231733
3.235760
3.242626
3.253885
3.267093
3.282817
3.300708
3.316294
3.335106
3.349548
3.360700
3.369524
3.372049
3.371667
3.365882
3.358191
3.345371
3.331662
3.312167
3.296158
3.277694
3.258524
3.241471
3.225038
3.210573
3.198429
3.189480
3.182905
3.179203
3.177530
3.179296
3.181368
3.183610
3.188862
3.195852
3.203758
3.210153
3.217243
3.222773
3.231517
3.239600
3.248882
3.258276
3.265136
3.273911
3.281618
3.287865
3.291460
3.292743
3.291167
3.292052
3.287301
3.284144
3.269418
3.270834
3.264051
3.257129
3.250080
3.246406
3.241326
3.238421
3.236795
3.233695
3.232817
3.228989
3.229103
3.228470
3.227317
3.225367
3.224252
3.225771
3.225513
3.226329
3.227161
3.227850
3.229497
3.230639
3.233471
3.234882
3.234653
3.235090
3.237798
3.238277
3.238690
3.240040
3.240902
3.240793
3.243720
3.247460
3.247359
3.246856
3.247728
3.248923
3.248927
3.246088
3.248420
3.246900
3.248982
3.251807
3.256718
3.264411
3.275698
3.289713
3.309985
3.327890
3.347773
3.367457
3.381542
3.394175
3.404222
3.407519
3.406137
3.399674
3.390504
3.375336
3.357944
3.337769
3.316869
3.295008
3.274987
3.251024
3.231606
3.216603
3.201182
3.188916
3.180827
3.175953
3.173531
3.173066
3.177878
3.184071
3.188177
3.195048
3.205462
3.213540
3.223204
3.230867
3.239322
3.246701
3.253597
3.262161
3.268184
3.272718
3.275875
3.279679
3.281214
3.280971
3.278348
3.276686
3.272086
3.267804
3.258530
3.253370
3.248225
3.241914
3.234899
3.228404
3.222105
